   2.0000000e+02   9.3376869e+00
   2.0800000e+02   9.1939309e+00
   2.1600000e+02   9.0244842e+00
   2.2400000e+02   8.8459584e+00
   2.3200000e+02   8.6762899e+00
   2.4000000e+02   8.5118104e+00
   2.4800000e+02   8.3508098e+00
   2.5600000e+02   8.2446194e+00
   2.6400000e+02   8.2090453e+00
   2.7200000e+02   8.2833994e+00
   2.8000000e+02   8.5503475e+00
   2.8800000e+02   9.1062559e+00
   2.9600000e+02   1.0105876e+01
   3.0400000e+02   1.1743876e+01
   3.1200000e+02   1.4425475e+01
   3.2000000e+02   1.8606742e+01
   3.2800000e+02   2.4721491e+01
   3.3600000e+02   3.4425558e+01
   3.4400000e+02   4.5111613e+01
   3.5200000e+02   6.9306709e+01
   3.6000000e+02   8.2859328e+01
   3.6800000e+02   6.4213572e+01
   3.7600000e+02   5.1986986e+01
   3.8400000e+02   4.4526047e+01
   3.9200000e+02   3.8907256e+01
   4.0000000e+02   3.4874410e+01
   4.0800000e+02   3.1861215e+01
   4.1600000e+02   2.9592513e+01
   4.2400000e+02   2.7861356e+01
   4.3200000e+02   2.6489602e+01
   4.4000000e+02   2.5377820e+01
   4.4800000e+02   2.4439116e+01
   4.5600000e+02   2.3664431e+01
   4.6400000e+02   2.2985833e+01
   4.7200000e+02   2.2422633e+01
   4.8000000e+02   2.1912921e+01
   4.8800000e+02   2.1449698e+01
   4.9600000e+02   2.1066555e+01
   5.0400000e+02   2.0711587e+01
   5.1200000e+02   2.0387491e+01
   5.2000000e+02   2.0120479e+01
   5.2800000e+02   1.9865418e+01
   5.3600000e+02   1.9629433e+01
   5.4400000e+02   1.9415289e+01
   5.5200000e+02   1.9236780e+01
   5.6000000e+02   1.9072893e+01
   5.6800000e+02   1.8910830e+01
   5.7600000e+02   1.8780816e+01
   5.8400000e+02   1.8644706e+01
   5.9200000e+02   1.8529000e+01
   6.0000000e+02   1.8442895e+01
   6.0800000e+02   1.8344353e+01
   6.1600000e+02   1.8262561e+01
   6.2400000e+02   1.8206962e+01
   6.3200000e+02   1.8155006e+01
   6.4000000e+02   1.8130218e+01
   6.4800000e+02   1.8098287e+01
   6.5600000e+02   1.8094468e+01
   6.6400000e+02   1.8095329e+01
   6.7200000e+02   1.8118251e+01
   6.8000000e+02   1.8110229e+01
   6.8800000e+02   1.8083696e+01
   6.9600000e+02   1.8076753e+01
   7.0400000e+02   1.7998007e+01
   7.1200000e+02   1.7537436e+01
   7.2000000e+02   1.6882342e+01
   7.2800000e+02   1.6540405e+01
   7.3600000e+02   1.6376885e+01
   7.4400000e+02   1.6316635e+01
   7.5200000e+02   1.6290336e+01
   7.6000000e+02   1.6275292e+01
   7.6800000e+02   1.6268176e+01
   7.7600000e+02   1.6261179e+01
   7.8400000e+02   1.6239554e+01
   7.9200000e+02   1.6221403e+01
   8.0000000e+02   1.6203959e+01
   8.0800000e+02   1.6167805e+01
   8.1600000e+02   1.6158855e+01
   8.2400000e+02   1.6143354e+01
   8.3200000e+02   1.6112913e+01
   8.4000000e+02   1.6095000e+01
   8.4800000e+02   1.6082010e+01
   8.5600000e+02   1.6056639e+01
   8.6400000e+02   1.6037254e+01
   8.7200000e+02   1.6008164e+01
   8.8000000e+02   1.5981742e+01
   8.8800000e+02   1.5959953e+01
   8.9600000e+02   1.5943756e+01
   9.0400000e+02   1.5921316e+01
   9.1200000e+02   1.5884933e+01
   9.2000000e+02   1.5865954e+01
   9.2800000e+02   1.5844465e+01
   9.3600000e+02   1.5819129e+01
   9.4400000e+02   1.5814614e+01
   9.5200000e+02   1.5781923e+01
   9.6000000e+02   1.5754002e+01
   9.6800000e+02   1.5741747e+01
   9.7600000e+02   1.5708290e+01
   9.8400000e+02   1.5700678e+01
   9.9200000e+02   1.5666614e+01
   1.0000000e+03   1.5634947e+01
   1.0080000e+03   1.5620573e+01
   1.0160000e+03   1.5609793e+01
   1.0240000e+03   1.5588851e+01
   1.0320000e+03   1.5563075e+01
   1.0400000e+03   1.5545498e+01
   1.0480000e+03   1.5542312e+01
   1.0560000e+03   1.5511039e+01
   1.0640000e+03   1.5520189e+01
   1.0720000e+03   1.5511724e+01
   1.0800000e+03   1.5478186e+01
   1.0880000e+03   1.5479275e+01
   1.0960000e+03   1.5447003e+01
   1.1040000e+03   1.5427922e+01
   1.1120000e+03   1.5412064e+01
   1.1200000e+03   1.5380799e+01
   1.1280000e+03   1.5356126e+01
   1.1360000e+03   1.5336216e+01
   1.1440000e+03   1.5327524e+01
   1.1520000e+03   1.5303700e+01
   1.1600000e+03   1.5271705e+01
   1.1680000e+03   1.5257351e+01
   1.1760000e+03   1.5229224e+01
   1.1840000e+03   1.5210502e+01
   1.1920000e+03   1.5195091e+01
   1.2000000e+03   1.5158241e+01
   1.2080000e+03   1.5149178e+01
   1.2160000e+03   1.5135419e+01
   1.2240000e+03   1.5108240e+01
   1.2320000e+03   1.5093240e+01
   1.2400000e+03   1.5070355e+01
   1.2480000e+03   1.5044639e+01
   1.2560000e+03   1.5019052e+01
   1.2640000e+03   1.5008827e+01
   1.2720000e+03   1.4995861e+01
   1.2800000e+03   1.4971757e+01
   1.2880000e+03   1.4953649e+01
   1.2960000e+03   1.4923239e+01
   1.3040000e+03   1.4899475e+01
   1.3120000e+03   1.4886261e+01
   1.3200000e+03   1.4853218e+01
   1.3280000e+03   1.4832057e+01
   1.3360000e+03   1.4819903e+01
   1.3440000e+03   1.4793250e+01
   1.3520000e+03   1.4765407e+01
   1.3600000e+03   1.4749934e+01
   1.3680000e+03   1.4721975e+01
   1.3760000e+03   1.4695997e+01
   1.3840000e+03   1.4669510e+01
   1.3920000e+03   1.4655013e+01
   1.4000000e+03   1.4621853e+01
   1.4080000e+03   1.4598186e+01
   1.4160000e+03   1.4569596e+01
   1.4240000e+03   1.4520884e+01
   1.4320000e+03   1.4505072e+01
   1.4400000e+03   1.4481186e+01
   1.4480000e+03   1.4448711e+01
   1.4560000e+03   1.4416908e+01
   1.4640000e+03   1.4379548e+01
   1.4720000e+03   1.4347127e+01
   1.4800000e+03   1.4324207e+01
   1.4880000e+03   1.4284765e+01
   1.4960000e+03   1.4256757e+01
   1.5040000e+03   1.4212828e+01
   1.5120000e+03   1.4177281e+01
   1.5200000e+03   1.4143549e+01
   1.5280000e+03   1.4110286e+01
   1.5360000e+03   1.4076537e+01
   1.5440000e+03   1.4011127e+01
   1.5520000e+03   1.3983691e+01
   1.5600000e+03   1.3964364e+01
   1.5680000e+03   1.3907727e+01
   1.5760000e+03   1.3873490e+01
   1.5840000e+03   1.3831521e+01
   1.5920000e+03   1.3789166e+01
   1.6000000e+03   1.3758414e+01
   1.6080000e+03   1.3724787e+01
   1.6160000e+03   1.3676536e+01
   1.6240000e+03   1.3623204e+01
   1.6320000e+03   1.3592576e+01
   1.6400000e+03   1.3562396e+01
   1.6480000e+03   1.3515449e+01
   1.6560000e+03   1.3499175e+01
   1.6640000e+03   1.3459958e+01
   1.6720000e+03   1.3413206e+01
   1.6800000e+03   1.3386346e+01
   1.6880000e+03   1.3350932e+01
   1.6960000e+03   1.3312503e+01
   1.7040000e+03   1.3287733e+01
   1.7120000e+03   1.3258349e+01
   1.7200000e+03   1.3234910e+01
   1.7280000e+03   1.3197364e+01
   1.7360000e+03   1.3158768e+01
   1.7440000e+03   1.3112885e+01
   1.7520000e+03   1.3090879e+01
   1.7600000e+03   1.3066533e+01
   1.7680000e+03   1.3036261e+01
   1.7760000e+03   1.3046566e+01
   1.7840000e+03   1.3050151e+01
   1.7920000e+03   1.3055720e+01
   1.8000000e+03   1.3052618e+01
   1.8080000e+03   1.3069416e+01
   1.8160000e+03   1.3082933e+01
   1.8240000e+03   1.3117368e+01
   1.8320000e+03   1.3137761e+01
   1.8400000e+03   1.3173651e+01
   1.8480000e+03   1.3204522e+01
   1.8560000e+03   1.3267094e+01
   1.8640000e+03   1.3321921e+01
   1.8720000e+03   1.3409710e+01
   1.8800000e+03   1.3497931e+01
   1.8880000e+03   1.3597785e+01
   1.8960000e+03   1.3750171e+01
   1.9040000e+03   1.3927033e+01
   1.9120000e+03   1.4128779e+01
   1.9200000e+03   1.4388816e+01
   1.9280000e+03   1.4681706e+01
   1.9360000e+03   1.5007844e+01
   1.9440000e+03   1.5387795e+01
   1.9520000e+03   1.5787854e+01
   1.9600000e+03   1.6205333e+01
   1.9680000e+03   1.6619167e+01
   1.9760000e+03   1.7048549e+01
   1.9840000e+03   1.7431977e+01
   1.9920000e+03   1.7766041e+01
   2.0000000e+03   1.8045258e+01
   2.0080000e+03   1.8258231e+01
   2.0160000e+03   1.8401670e+01
   2.0240000e+03   1.8525912e+01
   2.0320000e+03   1.8551460e+01
   2.0400000e+03   1.8555624e+01
   2.0480000e+03   1.8502487e+01
   2.0560000e+03   1.8420622e+01
   2.0640000e+03   1.8346439e+01
   2.0720000e+03   1.8254294e+01
   2.0800000e+03   1.8139128e+01
   2.0880000e+03   1.8029693e+01
   2.0960000e+03   1.7912282e+01
   2.1040000e+03   1.7809284e+01
   2.1120000e+03   1.7685487e+01
   2.1200000e+03   1.7579426e+01
   2.1280000e+03   1.7473391e+01
   2.1360000e+03   1.7357807e+01
   2.1440000e+03   1.7294448e+01
   2.1520000e+03   1.7209699e+01
   2.1600000e+03   1.7103394e+01
   2.1680000e+03   1.7024704e+01
   2.1760000e+03   1.6939588e+01
   2.1840000e+03   1.6865596e+01
   2.1920000e+03   1.6796239e+01
   2.2000000e+03   1.6732752e+01
   2.2080000e+03   1.6670663e+01
   2.2160000e+03   1.6598191e+01
   2.2240000e+03   1.6557648e+01
   2.2320000e+03   1.6496268e+01
   2.2400000e+03   1.6447287e+01
   2.2480000e+03   1.6398273e+01
   2.2560000e+03   1.6345355e+01
   2.2640000e+03   1.6298760e+01
   2.2720000e+03   1.6264887e+01
   2.2800000e+03   1.6207480e+01
   2.2880000e+03   1.6176679e+01
   2.2960000e+03   1.6126630e+01
   2.3040000e+03   1.6093505e+01
   2.3120000e+03   1.6055676e+01
   2.3200000e+03   1.6021519e+01
   2.3280000e+03   1.5979123e+01
   2.3360000e+03   1.5941299e+01
   2.3440000e+03   1.5919612e+01
   2.3520000e+03   1.5885785e+01
   2.3600000e+03   1.5857772e+01
   2.3680000e+03   1.5850440e+01
   2.3760000e+03   1.5813146e+01
   2.3840000e+03   1.5781396e+01
   2.3920000e+03   1.5771077e+01
   2.4000000e+03   1.5749618e+01
   2.4080000e+03   1.5734478e+01
   2.4160000e+03   1.5714385e+01
   2.4240000e+03   1.5689914e+01
   2.4320000e+03   1.5666227e+01
   2.4400000e+03   1.5665241e+01
   2.4480000e+03   1.5659074e+01
   2.4560000e+03   1.5655002e+01
   2.4640000e+03   1.5646608e+01
   2.4720000e+03   1.5672575e+01
   2.4800000e+03   1.5662579e+01
   2.4880000e+03   1.5680891e+01
   2.4960000e+03   1.5673488e+01
   2.5040000e+03   1.5647370e+01
   2.5120000e+03   1.5643620e+01
   2.5200000e+03   1.5633940e+01
   2.5280000e+03   1.5611216e+01
   2.5360000e+03   1.5590999e+01
   2.5440000e+03   1.5550798e+01
   2.5520000e+03   1.5522423e+01
   2.5600000e+03   1.5499341e+01
   2.5680000e+03   1.5474487e+01
   2.5760000e+03   1.5460181e+01
   2.5840000e+03   1.5422077e+01
   2.5920000e+03   1.5412477e+01
   2.6000000e+03   1.5393834e+01
   2.6080000e+03   1.5375223e+01
   2.6160000e+03   1.5367955e+01
   2.6240000e+03   1.5332482e+01
   2.6320000e+03   1.5330699e+01
   2.6400000e+03   1.5328442e+01
   2.6480000e+03   1.5307852e+01
   2.6560000e+03   1.5313607e+01
   2.6640000e+03   1.5291765e+01
   2.6720000e+03   1.5261806e+01
   2.6800000e+03   1.5252753e+01
   2.6880000e+03   1.5250163e+01
   2.6960000e+03   1.5227581e+01
   2.7040000e+03   1.5200075e+01
   2.7120000e+03   1.5193254e+01
   2.7200000e+03   1.5172819e+01
   2.7280000e+03   1.5140739e+01
   2.7360000e+03   1.5133993e+01
   2.7440000e+03   1.5101930e+01
   2.7520000e+03   1.5062386e+01
   2.7600000e+03   1.5043561e+01
   2.7680000e+03   1.5010460e+01
   2.7760000e+03   1.4974235e+01
   2.7840000e+03   1.4942880e+01
   2.7920000e+03   1.4911644e+01
   2.8000000e+03   1.4874930e+01
   2.8080000e+03   1.4834677e+01
   2.8160000e+03   1.4799777e+01
   2.8240000e+03   1.4747358e+01
   2.8320000e+03   1.4719060e+01
   2.8400000e+03   1.4663480e+01
   2.8480000e+03   1.4630925e+01
   2.8560000e+03   1.4618782e+01
   2.8640000e+03   1.4617589e+01
   2.8720000e+03   1.4658831e+01
   2.8800000e+03   1.4779132e+01
   2.8880000e+03   1.4992040e+01
   2.8960000e+03   1.5317876e+01
   2.9040000e+03   1.5778028e+01
   2.9120000e+03   1.6293950e+01
   2.9200000e+03   1.6779122e+01
   2.9280000e+03   1.7168869e+01
   2.9360000e+03   1.7425272e+01
   2.9440000e+03   1.7476697e+01
   2.9520000e+03   1.7426538e+01
   2.9600000e+03   1.7314229e+01
   2.9680000e+03   1.7158676e+01
   2.9760000e+03   1.7011236e+01
   2.9840000e+03   1.6880915e+01
   2.9920000e+03   1.6748126e+01
   3.0000000e+03   1.6634539e+01
   3.0080000e+03   1.6519448e+01
   3.0160000e+03   1.6421105e+01
   3.0240000e+03   1.6346012e+01
   3.0320000e+03   1.6278886e+01
   3.0400000e+03   1.6201540e+01
   3.0480000e+03   1.6125047e+01
   3.0560000e+03   1.6060616e+01
   3.0640000e+03   1.6009642e+01
   3.0720000e+03   1.5949830e+01
   3.0800000e+03   1.5904336e+01
   3.0880000e+03   1.5838282e+01
   3.0960000e+03   1.5781587e+01
   3.1040000e+03   1.5750337e+01
   3.1120000e+03   1.5688524e+01
   3.1200000e+03   1.5639952e+01
   3.1280000e+03   1.5586681e+01
   3.1360000e+03   1.5529726e+01
   3.1440000e+03   1.5495178e+01
   3.1520000e+03   1.5447651e+01
   3.1600000e+03   1.5399394e+01
   3.1680000e+03   1.5334737e+01
   3.1760000e+03   1.5276563e+01
   3.1840000e+03   1.5219900e+01
   3.1920000e+03   1.5151270e+01
   3.2000000e+03   1.5104997e+01
   3.2080000e+03   1.5037415e+01
   3.2160000e+03   1.4952819e+01
   3.2240000e+03   1.4904881e+01
   3.2320000e+03   1.4830074e+01
   3.2400000e+03   1.4733138e+01
   3.2480000e+03   1.4652818e+01
   3.2560000e+03   1.4558342e+01
   3.2640000e+03   1.4470700e+01
   3.2720000e+03   1.4373236e+01
   3.2800000e+03   1.4329827e+01
   3.2880000e+03   1.4277282e+01
   3.2960000e+03   1.4269424e+01
   3.3040000e+03   1.4315039e+01
   3.3120000e+03   1.4329686e+01
   3.3200000e+03   1.4331853e+01
   3.3280000e+03   1.4317687e+01
   3.3360000e+03   1.4279674e+01
   3.3440000e+03   1.4254254e+01
   3.3520000e+03   1.4211518e+01
   3.3600000e+03   1.4165869e+01
   3.3680000e+03   1.4117970e+01
   3.3760000e+03   1.4053376e+01
   3.3840000e+03   1.3999304e+01
   3.3920000e+03   1.3938842e+01
   3.4000000e+03   1.3891952e+01
   3.4080000e+03   1.3828804e+01
   3.4160000e+03   1.3760472e+01
   3.4240000e+03   1.3703987e+01
   3.4320000e+03   1.3618569e+01
   3.4400000e+03   1.3542394e+01
   3.4480000e+03   1.3494697e+01
   3.4560000e+03   1.3405666e+01
   3.4640000e+03   1.3324293e+01
   3.4720000e+03   1.3246954e+01
   3.4800000e+03   1.3165076e+01
   3.4880000e+03   1.3092649e+01
   3.4960000e+03   1.3017183e+01
   3.5040000e+03   1.2937141e+01
   3.5120000e+03   1.2873057e+01
   3.5200000e+03   1.2824663e+01
   3.5280000e+03   1.2795025e+01
   3.5360000e+03   1.2759803e+01
   3.5440000e+03   1.2758749e+01
   3.5520000e+03   1.2791818e+01
   3.5600000e+03   1.2841113e+01
   3.5680000e+03   1.2986012e+01
   3.5760000e+03   1.3159759e+01
   3.5840000e+03   1.3395416e+01
   3.5920000e+03   1.3742887e+01
   3.6000000e+03   1.4188440e+01
   3.6080000e+03   1.4781170e+01
   3.6160000e+03   1.5519260e+01
   3.6240000e+03   1.6415163e+01
   3.6320000e+03   1.7524014e+01
   3.6400000e+03   1.8849112e+01
   3.6480000e+03   2.0406717e+01
   3.6560000e+03   2.2147638e+01
   3.6640000e+03   2.4014268e+01
   3.6720000e+03   2.5940485e+01
   3.6800000e+03   2.7737743e+01
   3.6880000e+03   2.9292712e+01
   3.6960000e+03   3.0404044e+01
   3.7040000e+03   3.1090688e+01
   3.7120000e+03   3.1486903e+01
   3.7200000e+03   3.1703074e+01
   3.7280000e+03   3.1967868e+01
   3.7360000e+03   3.2452315e+01
   3.7440000e+03   3.3214255e+01
   3.7520000e+03   3.4215969e+01
   3.7600000e+03   3.5263220e+01
   3.7680000e+03   3.6147319e+01
   3.7760000e+03   3.6529400e+01
   3.7840000e+03   3.6323909e+01
   3.7920000e+03   3.5708528e+01
   3.8000000e+03   3.4807828e+01
   3.8080000e+03   3.3786589e+01
   3.8160000e+03   3.2770064e+01
   3.8240000e+03   3.1811823e+01
   3.8320000e+03   3.0893217e+01
   3.8400000e+03   3.0073230e+01
   3.8480000e+03   2.9312886e+01
   3.8560000e+03   2.8629564e+01
   3.8640000e+03   2.7981145e+01
   3.8720000e+03   2.7416193e+01
   3.8800000e+03   2.6885414e+01
   3.8880000e+03   2.6418868e+01
   3.8960000e+03   2.5984115e+01
   3.9040000e+03   2.5582691e+01
   3.9120000e+03   2.5221380e+01
   3.9200000e+03   2.4857332e+01
   3.9280000e+03   2.4504929e+01
   3.9360000e+03   2.4207666e+01
   3.9440000e+03   2.3918349e+01
   3.9520000e+03   2.3643870e+01
   3.9600000e+03   2.3386658e+01
   3.9680000e+03   2.3139961e+01
   3.9760000e+03   2.2874534e+01
   3.9840000e+03   2.2643190e+01
   3.9920000e+03   2.2444327e+01
   4.0000000e+03   2.2240950e+01
   4.0080000e+03   2.2031203e+01
   4.0160000e+03   2.1831089e+01
   4.0240000e+03   2.1623610e+01
   4.0320000e+03   2.1411199e+01
   4.0400000e+03   2.1227910e+01
   4.0480000e+03   2.1013242e+01
   4.0560000e+03   2.0844548e+01
   4.0640000e+03   2.0692006e+01
   4.0720000e+03   2.0553732e+01
   4.0800000e+03   2.0410574e+01
   4.0880000e+03   2.0295415e+01
   4.0960000e+03   2.0147997e+01
   4.1040000e+03   2.0035347e+01
   4.1120000e+03   1.9922409e+01
   4.1200000e+03   1.9840388e+01
   4.1280000e+03   1.9733798e+01
   4.1360000e+03   1.9676016e+01
   4.1440000e+03   1.9637535e+01
   4.1520000e+03   1.9606633e+01
   4.1600000e+03   1.9593999e+01
   4.1680000e+03   1.9571168e+01
   4.1760000e+03   1.9517222e+01
   4.1840000e+03   1.9491006e+01
   4.1920000e+03   1.9452470e+01
   4.2000000e+03   1.9429625e+01
   4.2080000e+03   1.9386726e+01
   4.2160000e+03   1.9343853e+01
   4.2240000e+03   1.9339397e+01
   4.2320000e+03   1.9309507e+01
   4.2400000e+03   1.9282869e+01
   4.2480000e+03   1.9230540e+01
   4.2560000e+03   1.9227339e+01
   4.2640000e+03   1.9198734e+01
   4.2720000e+03   1.9166294e+01
   4.2800000e+03   1.9149562e+01
   4.2880000e+03   1.9133107e+01
   4.2960000e+03   1.9063214e+01
   4.3040000e+03   1.9047002e+01
   4.3120000e+03   1.9009072e+01
   4.3200000e+03   1.8979815e+01
   4.3280000e+03   1.8944041e+01
   4.3360000e+03   1.8932565e+01
   4.3440000e+03   1.8894494e+01
   4.3520000e+03   1.8843487e+01
   4.3600000e+03   1.8826430e+01
   4.3680000e+03   1.8780895e+01
   4.3760000e+03   1.8741834e+01
   4.3840000e+03   1.8727825e+01
   4.3920000e+03   1.8685591e+01
   4.4000000e+03   1.8663894e+01
   4.4080000e+03   1.8631548e+01
   4.4160000e+03   1.8595988e+01
   4.4240000e+03   1.8577073e+01
   4.4320000e+03   1.8525487e+01
   4.4400000e+03   1.8483720e+01
   4.4480000e+03   1.8456372e+01
   4.4560000e+03   1.8446133e+01
   4.4640000e+03   1.8408610e+01
   4.4720000e+03   1.8362104e+01
   4.4800000e+03   1.8346508e+01
   4.4880000e+03   1.8331698e+01
   4.4960000e+03   1.8280641e+01
   4.5040000e+03   1.8276479e+01
   4.5120000e+03   1.8234229e+01
   4.5200000e+03   1.8194320e+01
   4.5280000e+03   1.8186338e+01
   4.5360000e+03   1.8164150e+01
   4.5440000e+03   1.8130250e+01
   4.5520000e+03   1.8086393e+01
   4.5600000e+03   1.8030454e+01
   4.5680000e+03   1.8001079e+01
   4.5760000e+03   1.7972367e+01
   4.5840000e+03   1.7946381e+01
   4.5920000e+03   1.7904229e+01
   4.6000000e+03   1.7858913e+01
   4.6080000e+03   1.7835387e+01
   4.6160000e+03   1.7788736e+01
   4.6240000e+03   1.7742705e+01
   4.6320000e+03   1.7712794e+01
   4.6400000e+03   1.7647420e+01
   4.6480000e+03   1.7642810e+01
   4.6560000e+03   1.7613513e+01
   4.6640000e+03   1.7549351e+01
   4.6720000e+03   1.7519669e+01
   4.6800000e+03   1.7459959e+01
   4.6880000e+03   1.7419173e+01
   4.6960000e+03   1.7368493e+01
   4.7040000e+03   1.7319587e+01
   4.7120000e+03   1.7275980e+01
   4.7200000e+03   1.7199742e+01
   4.7280000e+03   1.7137868e+01
   4.7360000e+03   1.7087459e+01
   4.7440000e+03   1.7013460e+01
   4.7520000e+03   1.6949286e+01
   4.7600000e+03   1.6843648e+01
   4.7680000e+03   1.6775862e+01
   4.7760000e+03   1.6696289e+01
   4.7840000e+03   1.6563031e+01
   4.7920000e+03   1.6463781e+01
   4.8000000e+03   1.6337081e+01
   4.8080000e+03   1.6180126e+01
   4.8160000e+03   1.6019186e+01
   4.8240000e+03   1.5825024e+01
   4.8320000e+03   1.5578956e+01
   4.8400000e+03   1.5237909e+01
   4.8480000e+03   1.4841694e+01
   4.8560000e+03   1.4274236e+01
   4.8640000e+03   1.3463841e+01
   4.8720000e+03   1.2379337e+01
   4.8800000e+03   1.1010974e+01
   4.8880000e+03   1.0709524e+01
   4.8960000e+03   1.2176725e+01
   4.9040000e+03   1.3538150e+01
   4.9120000e+03   1.6121232e+01
   4.9200000e+03   1.6877224e+01
   4.9280000e+03   1.7253602e+01
   4.9360000e+03   1.7454736e+01
   4.9440000e+03   1.7528012e+01
   4.9520000e+03   1.7557948e+01
   4.9600000e+03   1.7542746e+01
   4.9680000e+03   1.7516528e+01
   4.9760000e+03   1.7467424e+01
   4.9840000e+03   1.7393908e+01
   4.9920000e+03   1.7364381e+01
   5.0000000e+03   1.7322630e+01
