% Model:              AC -220722 - Compressor.mph
% Version:            COMSOL 6.0.0.405
% Date:               Jul 22 2022, 20:34
% Dimension:          1
% Nodes:              1601
% Expressions:        1
% Description:        Global
% freq (Hz)               2DX, arg(Z<sub>ac</sub>)
100                       -90
100.28823774509846        -90
100.57730630017382        -90
100.8672080599342         -90
101.15794542598982        -90
101.44952080687364        -90
101.74193661806045        -90
102.03519528198785        -90
102.32929922807536        -90
102.62425089274542        -90
102.92005271944286        -90
103.21670715865542        -90
103.5142166679344         -90
103.8125837119143         -90
104.11181076233397        -90
104.41190029805638        -90
104.71285480508996        -90
105.01467677660837        -90
105.3173687129716         -90
105.6209331217469         -90
105.92537251772886        -90
106.2306894229611         -90
106.53688636675629        -90
106.84396588571794        -90
107.1519305237606         -90
107.46078283213176        -90
107.77052536943224        -90
108.08116070163774        -90
108.39269140212039        -90
108.70512005166928        -90
109.01844923851279        -90
109.33268155833908        -90
109.64781961431851        -90
109.96386601712433        -90
110.28082338495518        -90
110.59869434355599        -90
110.9174815262401         -90
111.23718757391133        -90
111.55781513508519        -90
111.87936686591168        -90
112.2018454301963         -90
112.52525349942316        -90
112.84959375277622        -90
113.17486887716188        -90
113.50108156723155        -90
113.82823452540319        -90
114.1563304618846         -90
114.48537209469495        -90
114.81536214968828        -90
115.14630336057506        -90
115.47819846894582        -90
115.81105022429303        -90
116.14486138403426        -90
116.47963471353533        -90
116.81537298613243        -90
117.15207898315602        -90
117.48975549395291        -90
117.82840531591037        -90
118.16803125447831        -90
118.50863612319345        -90
118.85022274370189        -90
119.19279394578271        -90
119.53635256737189        -90
119.8809014545849         -90
120.22644346174131        -90
120.57298145138739        -90
120.92051829432084        -90
121.26905686961376        -90
121.6186000646368         -90
121.96915077508342        -90
122.32071190499313        -90
122.67328636677647        -90
123.02687708123811        -90
123.38148697760212        -90
123.73711899353519        -90
124.09377607517196        -90
124.45146117713857        -90
124.81017726257751        -90
125.16992730317256        -90
125.53071427917247        -90
125.89254117941675        -90
126.25541100135932        -90
126.61932675109443        -90
126.9842914433805         -90
127.35030810166616        -90
127.71737975811435        -90
128.08550945362785        -90
128.45470023787485        -90
128.82495516931337        -90
129.1962773152175         -90
129.5686697517019         -90
129.94213556374828        -90
130.31667784523           -90
130.69229969893817        -90
131.06900423660773        -90
131.4467945789422         -90
131.82567385564073        -90
132.20564520542297        -90
132.58671177605595        -90
132.9688767243793         -90
133.3521432163324         -90
133.73651442697962        -90
134.1219935405371         -90
134.50858375039945        -90
134.89628825916532        -90
135.28511027866506        -90
135.67505302998612        -90
136.06611974350088        -90
136.4583136588924         -90
136.85163802518215        -90
137.24609610075626        -90
137.6416911533926         -90
138.03842646028852        -90
138.4363053080869         -90
138.83533099290457        -90
139.23550682035835        -90
139.63683610559377        -90
140.03932217331138        -90
140.44296835779474        -90
140.84777800293858        -90
141.2537544622754         -90
141.66090109900438        -90
142.06922128601818        -90
142.47871840593191        -90
142.8893958511102         -90
143.30125702369628        -90
143.71430533563912        -90
144.12854420872233        -90
144.5439770745928         -90
144.96060737478808        -90
145.37843856076623        -90
145.79747409393298        -90
146.21771744567184        -90
146.63917209737153        -90
147.06184154045604        -90
147.4857292764125         -90
147.91083881682073        -90
148.33717368338253        -90
148.76473740795015        -90
149.19353353255647        -90
149.6235656094433         -90
150.05483720109186        -90
150.48735188025145        -90
150.9211132299693         -90
151.35612484362088        -90
151.79239032493837        -90
152.22991328804204        -90
152.66869735746866        -90
153.10874616820303        -90
153.55006336570662        -90
153.9926526059492         -90
154.4365175554379         -90
154.88166189124811        -90
155.32808930105446        -90
155.7758034831602         -90
156.22480814652906        -90
156.67510701081486        -90
157.12670380639344        -90
157.57960227439236        -90
158.03380616672317        -90
158.48931924611142        -90
158.94614528612814        -90
159.4042880712218         -90
159.86375139674837        -90
160.32453906900417        -90
160.786654905256          -90
161.25010273377416        -90
161.71488639386294        -90
162.18100973589299        -90
162.64847662133363        -90
163.1172909227838         -90
163.58745652400532        -90
164.05897731995387        -90
164.5318572168125         -90
165.00610013202268        -90
165.48170999431815        -90
165.95869074375614        -90
166.4370463317507         -90
166.91678072110582        -90
167.3978978860471         -90
167.88040181225605        -90
168.36429649690177        -90
168.84958594867533        -90
169.33627418782172        -90
169.82436524617444        -90
170.31386316718778        -90
170.8047720059708         -90
171.29709582932136        -90
171.79083871575875        -90
172.2860047555588         -90
172.78259805078628        -90
173.2806227153304         -90
173.78008287493762        -90
174.2809826672464         -90
174.78332624182192        -90
175.28711776018926        -90
175.7923613958693         -90
176.2990613344119         -90
176.80722177343196        -90
177.31684692264275        -90
177.82794100389228        -90
178.34050825119692        -90
178.85455291077713        -90
179.37007924109307        -90
179.88709151287873        -90
180.40559400917866        -90
180.92559102538203        -90
181.44708686925964        -90
181.97008586099827        -90
182.49459233323773        -90
183.02061063110568        -90
183.54814511225402        -90
184.07720014689562        -90
184.60778011783924        -90
185.13988942052723        -90
185.67353246307053        -90
186.20871366628674        -90
186.7454374637353         -90
187.28370830175484        -90
187.8235306395006         -90
188.36490894898           -90
188.90784771509132        -90
189.45235143565915        -90
189.9984246214733         -90
190.54607179632484        -90
191.09529749704404        -90
191.64610627353872        -90
192.1985026888304         -90
192.75249131909365        -90
193.30807675369272        -90
193.86526359522077        -90
194.42405645953662        -90
194.98445997580455        -90
195.54647878653103        -90
196.11011754760474        -90
196.6753809283339         -90
197.24227361148533        -90
197.81080029332404        -90
198.38096568365052        -90
198.95277450584163        -90
199.52623149688787        -90
200.10134140743443        -90
200.678109001819          -90
201.25653905811188        -90
201.83663636815618        -90
202.41840573760612        -90
203.00185198596844        -90
203.5869799466407         -90
204.17379446695296        -90
204.76230040820647        -90
205.3525026457146         -90
205.94440606884388        -90
206.53801558105292        -90
207.13333609993484        -90
207.7303725572563         -90
208.32912989899995        -90
208.92961308540387        -90
209.53182709100417        -90
210.13577690467469        -90
210.74146752966985        -90
211.34890398366477        -90
211.95809129879737        -90
212.56903452171076        -90
213.1817387135935         -90
213.79620895022325        -90
214.41245032200715        -90
215.03046793402564        -90
215.65026690607334        -90
216.271852372702          -90
216.89522948326376        -90
217.52040340195222        -90
218.14737930784707        -90
218.77616239495518        -90
219.40675787225535        -90
220.03917096373996        -90
220.673406908459          -90
221.30947096056389        -90
221.94736838934972        -90
222.58710447930054        -90
223.2286845301314         -90
223.872113856834          -90
224.51739778971898        -90
225.1645416744618         -90
225.81355087214533        -90
226.46443075930597        -90
227.11718672797664        -90
227.77182418573219        -90
228.42834855573477        -90
229.08676527677724        -90
229.74707980333002        -90
230.40929760558447        -90
231.07342416950002        -90
231.73946499684797        -90
232.40742560525788        -90
233.07731152826386        -90
233.7491283153488         -90
234.42288153199226        -90
235.0985767597147         -90
235.77621959612546        -90
236.45581565496772        -90
237.13737056616552        -90
237.8208899758712         -90
238.50637954651052        -90
239.19384495683136        -90
239.88329190194898        -90
240.57472609339513        -90
241.26815325916328        -90
241.96357914375818        -90
242.66100950824142        -90
243.36045013028115        -90
244.06190680419814        -90
244.76538534101462        -90
245.4708915685031         -90
246.17843133123299        -90
246.8880104906209         -90
247.59963492497727        -90
248.31331052955704        -90
249.02904321660677        -90
249.74683891541434        -90
250.4667035723588         -90
251.18864315095797        -90
251.91266363191968        -90
252.63877101318954        -90
253.36697131000244        -90
254.09727055493065        -90
254.82967479793464        -90
255.56419010641395        -90
256.30082256525554        -90
257.03957827688646        -90
257.78046336132206        -90
258.52348395621914        -90
259.26864621692425        -90
260.0159563165272         -90
260.7654204459099         -90
261.5170448137997         -90
262.27083564681914        -90
263.02679918953817        -90
263.7849417045267         -90
264.54526947240487        -90
265.30778879189677        -90
266.0725059798809         -90
266.83942737144423        -90
267.6085593199333         -90
268.3799081970073         -90
269.1534803926917         -90
269.9292823154293         -90
270.7073203921358         -90
271.4876010682502         -90
272.27013080779125        -90
273.0549160934083         -90
273.8419634264361         -90
274.6312793269498         -90
275.4228703338166         -90
276.21674300475223        -90
277.01290391637326        -90
277.8113596642536         -90
278.61211686297696        -90
279.41518214619384        -90
280.22056216667454        -90
281.028263596366          -90
281.8382931264455         -90
282.65065746737685        -90
283.4653633489668         -90
284.28241752041873        -90
285.10182675039096        -90
285.9235978270505         -90
286.74773755813163        -90
287.57425277099003        -90
288.40315031266056        -90
289.23443704991473        -90
290.0681198693153         -90
290.90420567727614        -90
291.7427014001166         -90
292.5836139841216         -90
293.42695039559703        -90
294.2727176209282         -90
295.1209226666387         -90
295.9715725594465         -90
296.8246743463243         -90
297.68023509455566        -90
298.538261891796          -90
299.39876184612876        -90
300.26174208612673        -90
301.12720976090884        -90
301.9951720402016         -90
302.8656361143965         -90
303.73860919461043        -90
304.6140985127464         -90
305.49211132155125        -90
306.37265489467813        -90
307.25573652674456        -90
308.1413635333949         -90
309.0295432513592         -90
309.9202830385147         -90
310.8135902739477         -90
311.70947235801253        -90
312.6079367123956         -90
313.50899078017386        -90
314.4126420258796         -90
315.3188979355595         -90
316.22776601683796        -90
317.1392537989798         -90
318.05336883295206        -90
318.9701186914858         -90
319.88951096913974        -90
320.81155328236366        -90
321.7362532695601         -90
322.66361859114824        -90
323.5936569296281         -90
324.5263759896437         -90
325.46178349804603        -90
326.3998872039577         -90
327.3406948788383         -90
328.28421431654635        -90
329.23045333340656        -90
330.1794197682719         -90
331.1311214825911         -90
332.0855663604718         -90
333.0427623087463         -90
334.0027172570387         -90
334.9654391578276         -90
335.9309359865153         -90
336.8992157414906         -90
337.87028644419826        -90
338.84415613920277        -90
339.82083289425594        -90
340.8003248003648         -90
341.7826399718576         -90
342.76778654645045        -90
343.7557726853155         -90
344.74660657314945        -90
345.7402964182394         -90
346.73685045253166        -90
347.7362769317011         -90
348.7385841352184         -90
349.74378036641804        -90
350.75187395256796        -90
351.76287324493944        -90
352.7767866188738         -90
353.7936224738549         -90
354.8133892335753         -90
355.8360953460096         -90
356.86174928348134        -90
357.8903595427346         -90
358.92193464500536        -90
359.9564831360895         -90
360.9940135864167         -90
362.03453459111824        -90
363.0780547701014         -90
364.1245827681181         -90
365.1741272548377         -90
366.2266969249197         -90
367.2823004980846         -90
368.34094671918604        -90
369.4026443582834         -90
370.46740221071576        -90
371.53522909717276        -90
372.6061338637685         -90
373.6801253821156         -90
374.7572125493981         -90
375.8374042884443         -90
376.92070954780155        -90
378.0071373018112         -90
379.0966965506808         -90
380.1893963205613         -90
381.2852456636187         -90
382.38425365811264        -90
383.4864294084684         -90
384.5917820453535         -90
385.70032072575503        -90
386.81205463305207        -90
387.92699297709544        -90
389.04514499428046        -90
390.166519947627          -90
391.2911271268532         -90
392.4189758484536         -90
393.55007545577723        -90
394.68443531910424        -90
395.82206483572264        -90
396.96297343000685        -90
398.1071705534973         -90
399.25466568497603        -90
400.4054683305464         -90
401.5595880237129         -90
402.71703432545905        -90
403.87781682432615        -90
405.0419451364931         -90
406.20942890585746        -90
407.3802778041126         -90
408.55450153083103        -90
409.73210981354134        -90
410.9131124078122         -90
412.0975190973304         -90
413.28533969398285        -90
414.4765840379393         -90
415.67126199773094        -90
416.8693834703355         -90
418.0709583812558         -90
419.2759966846055         -90
420.4845083631883         -90
421.6965034285823         -90
422.91199192122343        -90
424.1309839104881         -90
425.35348949477566        -90
426.57951880159254        -90
427.80908198763814        -90
429.0421892388857         -90
430.2788507706685         -90
431.519076827765          -90
432.76287768448304        -90
434.010263644744          -90
435.26124504216904        -90
436.5158322401661         -90
437.7740356320125         -90
439.03586564094473        -90
440.30133272024125        -90
441.57044735331255        -90
442.8432200537849         -90
444.1196613655889         -90
445.39978186304796        -90
446.683592150963          -90
447.97110286470377        -90
449.26232467029325        -90
450.5572682644998         -90
451.8559443749226         -90
453.1583637600818         -90
454.4645372095085         -90
455.7744755438333         -90
457.0881896148752         -90
458.405690305732          -90
459.7269885308723         -90
461.0520952362227         -90
462.38102139926036        -90
463.71377802910433        -90
465.05037616660627        -90
466.3908268844408         -90
467.73514128719813        -90
469.0833305114774         -90
470.435405725976          -90
471.79137813158536        -90
473.15125896148027        -90
474.5150594812158         -90
475.8827909888171         -90
477.2544648148744         -90
478.6300923226385         -90
480.00968490811147        -90
481.39325400014485        -90
482.7808110605305         -90
484.1723675840994         -90
485.5679350988136         -90
486.9675251658631         -90
488.37114937976247        -90
489.77881936844614        -90
491.1905467933636         -90
492.6063433495771         -90
494.0262207658599         -90
495.45019080479057        -90
496.87826526285176        -90
498.3104559705293         -90
499.7467747924086         -90
501.18723362727246        -90
502.63184440820055        -90
504.0806191026696         -90
505.53356971264895        -90
506.99070827470445        -90
508.4520468600936         -90
509.9175975748702         -90
511.3873725599802         -90
512.8613839913648         -90
514.3396440800623         -90
515.8221650723056         -90
517.3089592496281         -90
518.8000389289609         -90
520.2954164627397         -90
521.7951042390025         -90
523.2991146814946         -90
524.8074602497722         -90
526.3201534393047         -90
527.8372067815769         -90
529.3586328441943         -90
530.8844442309885         -90
532.4146535821184         -90
533.9492735741767         -90
535.4883169202959         -90
537.0317963702527         -90
538.5797247105721         -90
540.1321147646348         -90
541.688979392785          -90
543.250331492433          -90
544.8161839981667         -90
546.386549881854          -90
547.9614421527547         -90
549.5408738576248         -90
551.1248580808259         -90
552.7134079444351         -90
554.3065366083505         -90
555.9042572704037         -90
557.5065831664657         -90
559.1135275705602         -90
560.72510379497           -90
562.341325190349          -90
563.962205145834          -90
565.5877570891539         -90
567.2179944867406         -90
568.8529308438414         -90
570.4925797046321         -90
572.1369546523267         -90
573.7860693092911         -90
575.4399373371566         -90
577.0985724369333         -90
578.7619883491209         -90
580.4301988538248         -90
582.1032177708715         -90
583.7810589599193         -90
585.4637363205773         -90
587.1512637925164         -90
588.843655355589          -90
590.5409250299413         -90
592.2430868761305         -90
593.9501549952438         -90
595.6621435290103         -90
597.3790666599235         -90
599.1009386113537         -90
600.8277736476707         -90
602.5595860743581         -90
604.2963902381329         -90
606.038200527066          -90
607.7850313707005         -90
609.5368972401693         -90
611.2938126483169         -90
613.0557921498208         -90
614.8228503413089         -90
616.5950018614822         -90
618.372261391237          -90
620.1546436537853         -90
621.9421634147765         -90
623.7348354824192         -90
625.5326747076073         -90
627.3356959840379         -90
629.14391424834           -90
630.957344480193          -90
632.7760017024558         -90
634.5999009812872         -90
636.429057426272          -90
638.263486190549          -90
640.1032024709307         -90
641.948221508036          -90
643.7985585864097         -90
645.6542290346556         -90
647.5152482255579         -90
649.3816315762114         -90
651.2533945481495         -90
653.1305526474723         -90
655.0131214249725         -90
656.9011164762662         -90
658.794553441924          -90
660.6934480075964         -90
662.5978159041462         -90
664.5076729077792         -90
666.4230348401749         -90
668.3439175686149         -90
670.2703370061167         -90
672.2023091115669         -90
674.1398498898492         -90
676.0829753919819         -90
678.0317017152456         -90
679.9860450033224         -90
681.9460214464241         -90
683.9116472814293         -90
685.882938792019          -90
687.8599123088075         -90
689.8425842094827         -90
691.8309709189363         -90
693.8250889094057         -90
695.8249547006056         -90
697.8305848598663         -90
699.841996002273          -90
701.8592047908021         -90
703.8822279364571         -90
705.9110821984092         -90
707.945784384138          -90
709.9863513495665         -90
712.0327999992026         -90
714.085147286281          -90
716.143410212902          -90
718.2076058301709         -90
720.2777512383407         -90
722.353863586956          -90
724.4359600749899         -90
726.5240579509924         -90
728.6181745132274         -90
730.7183271098219         -90
732.8245331389045         -90
734.9368100487516         -90
737.0551753379347         -90
739.1796465554595         -90
741.3102413009177         -90
743.4469772246266         -90
745.5898720277816         -90
747.7389434625969         -90
749.8942093324558         -90
752.0556874920588         -90
754.2233958475707         -90
756.3973523567668         -90
758.5775750291835         -90
760.7640819262703         -90
762.9568911615336         -90
765.1560209006901         -90
767.3614893618186         -90
769.573314815509          -90
771.7915155850127         -90
774.0161100463954         -90
776.247116628692          -90
778.4845538140535         -90
780.728440137907          -90
782.978794189102          -90
785.2356346100718         -90
787.4989800969814         -90
789.7688493998855         -90
792.0452613228858         -90
794.3282347242813         -90
796.617788516731          -90
798.9139416674041         -90
801.2167131981433         -90
803.5261221856177         -90
805.8421877614818         -90
808.1649291125368         -90
810.4943654808874         -90
812.8305161640995         -90
815.1734005153622         -90
817.5230379436501         -90
819.8794479138794         -90
822.2426499470712         -90
824.6126636205156         -90
826.9895085679318         -90
829.3732044796288         -90
831.7637711026708         -90
834.1612282410431         -90
836.5655957558099         -90
838.9768935652859         -90
841.3951416451947         -90
843.8203600288408         -90
846.2525688072697         -90
848.6917881294366         -90
851.1380382023768         -90
853.5913392913657         -90
856.0517117200949         -90
858.5191758708328         -90
860.9937521846008         -90
863.4754611613363         -90
865.9643233600654         -90
868.4603593990746         -90
870.9635899560806         -90
873.4740357683985         -90
875.991717633117          -90
878.516656407272          -90
881.0488730080147         -90
883.5883884127875         -90
886.1352236594994         -90
888.6893998466987         -90
891.2509381337459         -90
893.8198597409905         -90
896.3961859499502         -90
898.97993810348           -90
901.571137605957          -90
904.1698059234501         -90
906.775964583905          -90
909.3896351773163         -90
912.0108393559096         -90
914.6395988343227         -90
917.2759353897794         -90
919.9198708622777         -90
922.5714271547629         -90
925.2306262333165         -90
927.8974901273317         -90
930.572040929699          -90
933.2543007969905         -90
935.9442919496422         -90
938.6420366721355         -90
941.3475573131847         -90
944.0608762859235         -90
946.7820160680869         -90
949.5109992021983         -90
952.2478482957596         -90
954.992586021436          -90
957.7452351172416         -90
960.5058183867304         -90
963.2743586991879         -90
966.0508789898131         -90
968.8354022599171         -90
971.6279515771058         -90
974.428550075478          -90
977.2372209558112         -90
980.053987485756          -90
982.8788730000325         -90
985.711900900616          -90
988.553094656939          -90
991.4024778060783         -90
994.2600739529568         -90
997.1259067705331         -90
1000                      -90
1002.8823774509835        -90
1005.7730630017381        -90
1008.672080599342         -90
1011.5794542598983        -90
1014.4952080687364        -90
1017.4193661806056        -90
1020.3519528198785        -90
1023.2929922807537        -90
1026.2425089274543        -90
1029.2005271944286        -90
1032.1670715865541        -90
1035.1421666793442        -90
1038.125837119144         -90
1041.1181076233397        -90
1044.119002980564         -90
1047.1285480508996        -90
1050.1467677660837        -90
1053.173687129716         -90
1056.209331217468         -90
1059.2537251772887        -90
1062.306894229611         -90
1065.368863667563         -90
1068.4396588571794        -90
1071.519305237607         -90
1074.6078283213176        -90
1077.7052536943213        -90
1080.8116070163774        -90
1083.9269140212039        -90
1087.051200516693         -90
1090.184492385128         -90
1093.3268155833919        -90
1096.4781961431852        -90
1099.6386601712434        -90
1102.808233849552         -90
1105.98694343556          -90
1109.174815262401         -90
1112.3718757391132        -90
1115.5781513508532        -90
1118.7936686591167        -90
1122.018454301963         -90
1125.2525349942316        -90
1128.4959375277622        -90
1131.7486887716188        -90
1135.0108156723143        -90
1138.282345254032         -90
1141.563304618846         -90
1144.8537209469496        -90
1148.1536214968828        -90
1151.463033605752         -90
1154.781984689458         -90
1158.1105022429292        -90
1161.4486138403427        -90
1164.7963471353532        -90
1168.1537298613243        -90
1171.5207898315603        -90
1174.8975549395302        -90
1178.2840531591037        -90
1181.6803125447832        -90
1185.0863612319347        -90
1188.502227437019         -90
1191.927939457827         -90
1195.3635256737189        -90
1198.8090145458502        -90
1202.2644346174131        -90
1205.7298145138739        -90
1209.2051829432085        -90
1212.6905686961377        -90
1216.1860006463678        -90
1219.691507750833         -90
1223.2071190499325        -90
1226.7328636677646        -90
1230.268770812381         -90
1233.8148697760212        -90
1237.3711899353532        -90
1240.9377607517197        -90
1244.5146117713844        -90
1248.101772625775         -90
1251.6992730317256        -90
1255.3071427917248        -90
1258.9254117941675        -90
1262.5541100135945        -90
1266.1932675109442        -90
1269.8429144338052        -90
1273.5030810166616        -90
1277.1737975811434        -90
1280.8550945362783        -90
1284.5470023787486        -90
1288.249551693135         -90
1291.9627731521748        -90
1295.686697517019         -90
1299.4213556374827        -90
1303.1667784523           -90
1306.9229969893818        -90
1310.6900423660759        -90
1314.4679457894233        -90
1318.2567385564075        -90
1322.0564520542296        -90
1325.8671177605595        -90
1329.6887672437945        -90
1333.521432163324         -90
1337.3651442697949        -90
1341.219935405371         -90
1345.0858375039943        -90
1348.9628825916532        -90
1352.8511027866507        -90
1356.7505302998625        -90
1360.661197435009         -90
1364.583136588924         -90
1368.5163802518216        -90
1372.4609610075624        -90
1376.416911533926         -90
1380.3842646028852        -90
1384.3630530808705        -90
1388.3533099290457        -90
1392.3550682035834        -90
1396.3683610559376        -90
1400.3932217331137        -90
1404.4296835779473        -90
1408.4777800293846        -90
1412.5375446227554        -90
1416.6090109900438        -90
1420.6922128601816        -90
1424.7871840593193        -90
1428.8939585111036        -90
1433.0125702369628        -90
1437.1430533563898        -90
1441.2854420872234        -90
1445.439770745928         -90
1449.6060737478808        -90
1453.7843856076622        -90
1457.9747409393312        -90
1462.1771744567184        -90
1466.3917209737153        -90
1470.6184154045604        -90
1474.857292764125         -90
1479.1083881682073        -90
1483.3717368338255        -90
1487.6473740795032        -90
1491.9353353255647        -90
1496.235656094433         -90
1500.5483720109185        -90
1504.8735188025146        -90
1509.2111322996932        -90
1513.5612484362073        -90
1517.9239032493854        -90
1522.2991328804203        -90
1526.6869735746868        -90
1531.0874616820304        -90
1535.500633657068         -90
1539.926526059492         -90
1544.3651755543774        -90
1548.816618912481         -90
1553.2808930105448        -90
1557.758034831602         -90
1562.2480814652906        -90
1566.75107010815          -90
1571.2670380639343        -90
1575.7960227439235        -90
1580.3380616672318        -90
1584.893192461114         -90
1589.4614528612815        -90
1594.042880712218         -90
1598.6375139674853        -90
1603.2453906900419        -90
1607.86654905256          -90
1612.5010273377416        -90
1617.1488639386293        -90
1621.8100973589299        -90
1626.4847662133348        -90
1631.1729092278397        -90
1635.8745652400532        -90
1640.5897731995387        -90
1645.318572168125         -90
1650.0610013202286        -90
1654.8170999431813        -90
1659.5869074375596        -90
1664.370463317507         -90
1669.167807211058         -90
1673.978978860471         -90
1678.8040181225606        -90
1683.6429649690194        -90
1688.4958594867533        -90
1693.362741878217         -90
1698.2436524617442        -90
1703.1386316718776        -90
1708.047720059708         -90
1712.9709582932135        -90
1717.9083871575895        -90
1722.860047555588         -90
1727.8259805078628        -90
1732.806227153304         -90
1737.8008287493763        -90
1742.8098266724642        -90
1747.8332624182174        -90
1752.8711776018943        -90
1757.923613958693         -90
1762.990613344119         -90
1768.0722177343198        -90
1773.1684692264296        -90
1778.2794100389228        -90
1783.4050825119673        -90
1788.5455291077712        -90
1793.7007924109307        -90
1798.8709151287874        -90
1804.0559400917866        -90
1809.255910253822         -90
1814.4708686925965        -90
1819.7008586099826        -90
1824.9459233323773        -90
1830.2061063110568        -90
1835.4814511225402        -90
1840.7720014689564        -90
1846.0778011783943        -90
1851.3988942052722        -90
1856.7353246307055        -90
1862.0871366628676        -90
1867.454374637353         -90
1872.8370830175484        -90
1878.235306395004         -90
1883.649089489802         -90
1889.0784771509132        -90
1894.5235143565915        -90
1899.984246214733         -90
1905.4607179632483        -90
1910.9529749704404        -90
1916.4610627353852        -90
1921.9850268883038        -90
1927.5249131909366        -90
1933.0807675369272        -90
1938.6526359522077        -90
1944.2405645953681        -90
1949.8445997580454        -90
1955.4647878653102        -90
1961.1011754760475        -90
1966.753809283339         -90
1972.4227361148535        -90
1978.1080029332402        -90
1983.8096568365072        -90
1989.5277450584163        -90
1995.2623149688789        -90
2001.0134140743444        -90
2006.78109001819          -90
2012.5653905811187        -90
2018.3663636815597        -90
2024.1840573760633        -90
2030.0185198596844        -90
2035.8697994664071        -90
2041.7379446695295        -90
2047.6230040820647        -90
2053.525026457146         -90
2059.444060688437         -90
2065.3801558105292        -90
2071.3333609993483        -90
2077.303725572563         -90
2083.2912989899996        -90
2089.2961308540407        -90
2095.318270910042         -90
2101.357769046747         -90
2107.4146752966985        -90
2113.489039836648         -90
2119.5809129879735        -90
2125.6903452171077        -90
2131.817387135937         -90
2137.9620895022326        -90
2144.1245032200713        -90
2150.3046793402564        -90
2156.5026690607338        -90
2162.71852372702          -90
2168.9522948326353        -90
2175.2040340195244        -90
2181.473793078471         -90
2187.761623949552         -90
2194.0675787225537        -90
2200.3917096374           -90
2206.73406908459          -90
2213.0947096056366        -90
2219.473683893497         -90
2225.8710447930052        -90
2232.286845301314         -90
2238.72113856834          -90
2245.173977897192         -90
2251.645416744618         -90
2258.1355087214533        -90
2264.6443075930597        -90
2271.1718672797665        -90
2277.718241857322         -90
2284.283485557348         -90
2290.867652767775         -90
2297.4707980333           -90
2304.0929760558447        -90
2310.734241695            -90
2317.39464996848          -90
2324.0742560525787        -90
2330.7731152826364        -90
2337.4912831534903        -90
2344.228815319923         -90
2350.9857675971466        -90
2357.7621959612547        -90
2364.5581565496773        -90
2371.373705661655         -90
2378.20889975871          -90
2385.063795465105         -90
2391.9384495683134        -90
2398.83291901949          -90
2405.747260933951         -90
2412.681532591635         -90
2419.6357914375817        -90
2426.6100950824143        -90
2433.6045013028115        -90
2440.6190680419813        -90
2447.653853410146         -90
2454.708915685031         -90
2461.7843133123324        -90
2468.880104906209         -90
2475.9963492497727        -90
2483.13310529557          -90
2490.2904321660676        -90
2497.468389154143         -90
2504.6670357235853        -90
2511.886431509582         -90
2519.126636319197         -90
2526.3877101318953        -90
2533.669713100024         -90
2540.9727055493063        -90
2548.2967479793465        -90
2555.641901064137         -90
2563.0082256525557        -90
2570.3957827688646        -90
2577.804633613221         -90
2585.234839562191         -90
2592.6864621692453        -90
2600.159563165272         -90
2607.654204459099         -90
2615.170448137997         -90
2622.7083564681916        -90
2630.2679918953813        -90
2637.8494170452673        -90
2645.4526947240515        -90
2653.077887918968         -90
2660.7250597988086        -90
2668.394273714442         -90
2676.0855931993333        -90
2683.799081970073         -90
2691.534803926914         -90
2699.292823154296         -90
2707.0732039213576        -90
2714.8760106825025        -90
2722.701308077913         -90
2730.549160934083         -90
2738.4196342643613        -90
2746.3127932694956        -90
2754.2287033381663        -90
2762.1674300475224        -90
2770.1290391637326        -90
2778.113596642536         -90
2786.121168629772         -90
2794.1518214619387        -90
2802.205621666745         -90
2810.2826359636597        -90
2818.382931264455         -90
2826.5065746737687        -90
2834.653633489668         -90
2842.8241752041904        -90
2851.0182675039096        -90
2859.2359782705053        -90
2867.477375581316         -90
2875.7425277099           -90
2884.031503126606         -90
2892.344370499144         -90
2900.681198693156         -90
2909.042056772761         -90
2917.427014001166         -90
2925.836139841216         -90
2934.2695039559703        -90
2942.727176209282         -90
2951.209226666384         -90
2959.715725594465         -90
2968.246743463243         -90
2976.802350945557         -90
2985.3826189179604        -90
2993.987618461291         -90
3002.6174208612674        -90
3011.2720976090886        -90
3019.9517204020162        -90
3028.656361143965         -90
3037.3860919461044        -90
3046.140985127464         -90
3054.9211132155156        -90
3063.7265489467813        -90
3072.557365267445         -90
3081.413635333949         -90
3090.295432513592         -90
3099.2028303851466        -90
3108.1359027394733        -90
3117.0947235801286        -90
3126.0793671239558        -90
3135.0899078017387        -90
3144.126420258796         -90
3153.1889793555947        -90
3162.2776601683795        -90
3171.392537989798         -90
3180.5336883295204        -90
3189.701186914858         -90
3198.895109691397         -90
3208.115532823637         -90
3217.3625326956007        -90
3226.6361859114822        -90
3235.936569296281         -90
3245.263759896437         -90
3254.61783498046          -90
3263.998872039577         -90
3273.406948788383         -90
3282.842143165467         -90
3292.3045333340656        -90
3301.7941976827187        -90
3311.311214825911         -90
3320.855663604718         -90
3330.427623087463         -90
3340.0271725703833        -90
3349.6543915782795        -90
3359.3093598651526        -90
3368.992157414906         -90
3378.702864441983         -90
3388.4415613920273        -90
3398.2083289425595        -90
3408.003248003648         -90
3417.826399718576         -90
3427.6778654645045        -90
3437.557726853155         -90
3447.4660657314944        -90
3457.4029641823936        -90
3467.368504525317         -90
3477.362769317011         -90
3487.385841352184         -90
3497.43780366418          -90
3507.5187395256794        -90
3517.628732449394         -90
3527.767866188742         -90
3537.936224738549         -90
3548.133892335753         -90
3558.360953460096         -90
3568.617492834813         -90
3578.903595427346         -90
3589.2193464500497        -90
3599.564831360899         -90
3609.940135864167         -90
3620.3453459111824        -90
3630.780547701014         -90
3641.245827681181         -90
3651.741272548377         -90
3662.266969249197         -90
3672.8230049808462        -90
3683.4094671918606        -90
3694.0264435828335        -90
3704.6740221071577        -90
3715.3522909717276        -90
3726.061338637685         -90
3736.801253821156         -90
3747.572125493981         -90
3758.374042884443         -90
3769.207095478015         -90
3780.0713730181124        -90
3790.966965506812         -90
3801.8939632056126        -90
3812.852456636187         -90
3823.8425365811263        -90
3834.8642940846835        -90
3845.9178204535356        -90
3857.0032072575464        -90
3868.120546330525         -90
3879.269929770954         -90
3890.4514499428046        -90
3901.66519947627          -90
3912.911271268532         -90
3924.189758484536         -90
3935.5007545577723        -90
3946.8443531910425        -90
3958.2206483572263        -90
3969.629734300069         -90
3981.0717055349733        -90
3992.54665684976          -90
4004.0546833054636        -90
4015.5958802371288        -90
4027.170343254591         -90
4038.778168243262         -90
4050.419451364931         -90
4062.0942890585748        -90
4073.8027780411303        -90
4085.54501530831          -90
4097.321098135413         -90
4109.131124078122         -90
4120.975190973304         -90
4132.853396939829         -90
4144.7658403793885        -90
4156.712619977314         -90
4168.693834703355         -90
4180.709583812558         -90
4192.759966846054         -90
4204.8450836318825        -90
4216.965034285822         -90
4229.119919212234         -90
4241.309839104882         -90
4253.534894947757         -90
4265.795188015925         -90
4278.090819876381         -90
4290.4218923888575        -90
4302.788507706685         -90
4315.19076827765          -90
4327.62877684483          -90
4340.10263644744          -90
4352.6124504216905        -90
4365.158322401661         -90
4377.74035632013          -90
4390.358656409448         -90
4403.013327202412         -90
4415.704473533126         -90
4428.432200537849         -90
4441.1966136558885        -90
4453.997818630475         -90
4466.835921509635         -90
4479.711028647038         -90
4492.623246702932         -90
4505.572682644998         -90
4518.559443749226         -90
4531.583637600818         -90
4544.645372095085         -90
4557.744755438333         -90
4570.881896148751         -90
4584.05690305732          -90
4597.269885308723         -90
4610.520952362227         -90
4623.810213992603         -90
4637.137780291043         -90
4650.503761666063         -90
4663.908268844408         -90
4677.351412871981         -90
4690.833305114775         -90
4704.354057259765         -90
4717.913781315853         -90
4731.512589614803         -90
4745.1505948121585        -90
4758.827909888171         -90
4772.544648148744         -90
4786.30092322638          -90
4800.09684908112          -90
4813.932540001449         -90
4827.808110605305         -90
4841.7236758409945        -90
4855.679350988136         -90
4869.675251658631         -90
4883.711493797625         -90
4897.7881936844615        -90
4911.905467933636         -90
4926.063433495771         -90
4940.2622076585985        -90
4954.501908047905         -90
4968.782652628518         -90
4983.104559705293         -90
4997.467747924085         -90
5011.872336272725         -90
5026.318444082006         -90
5040.806191026696         -90
5055.335697126495         -90
5069.907082747044         -90
5084.5204686009365        -90
5099.175975748702         -90
5113.873725599802         -90
5128.613839913648         -90
5143.396440800618         -90
5158.2216507230605        -90
5173.089592496281         -90
5188.000389289609         -90
5202.954164627397         -90
5217.951042390026         -90
5232.991146814947         -90
5248.074602497723         -90
5263.201534393047         -90
5278.37206781577          -90
5293.586328441943         -90
5308.8444423098845        -90
5324.1465358211835        -90
5339.492735741766         -90
5354.88316920296          -90
5370.317963702527         -90
5385.797247105721         -90
5401.3211476463475        90
5416.8897939278495        90
5432.503314924336         90
5448.161839981668         90
5463.86549881854          90
5479.614421527547         90
5495.408738576249         90
5511.248580808258         90
5527.134079444346         90
5543.06536608351          90
5559.042572704037         90
5575.065831664657         90
5591.135275705602         90
5607.251037949701         90
5623.413251903491         90
5639.622051458339         90
5655.877570891539         90
5672.179944867406         90
5688.529308438413         90
5704.925797046321         90
5721.369546523268         90
5737.860693092911         90
5754.399373371566         90
5770.985724369332         90
5787.619883491208         90
5804.301988538248         90
5821.032177708716         90
5837.810589599199         90
5854.637363205773         90
5871.512637925163         90
5888.43655355589          90
5905.409250299413         90
5922.430868761306         90
5939.5015499524325        90
5956.62143529011          90
5973.790666599235         90
5991.0093861135365        90
6008.277736476708         90
6025.5958607435805        90
6042.963902381328         90
6060.38200527066          -90
6077.850313707005         -90
6095.368972401694         -90
6112.938126483169         -90
6130.557921498208         -90
6148.22850341309          -90
6165.9500186148225        -90
6183.7226139123695        -90
6201.546436537854         -90
6219.421634147764         -90
6237.348354824191         -90
6255.326747076073         -90
6273.356959840386         -90
6291.4391424834           -90
6309.57344480193          -90
6327.760017024558         -90
6345.999009812872         -90
6364.290574262721         -90
6382.6348619054825        -90
6401.032024709314         -90
6419.482215080359         -90
6437.985585864098         -90
6456.542290346556         -90
6475.152482255579         -90
6493.816315762113         -90
6512.533945481495         -90
6531.305526474723         -90
6550.1312142497245        -90
6569.011164762662         -90
6587.945534419239         -90
6606.9344800759645        -90
6625.978159041461         -90
6645.076729077792         -90
6664.230348401748         -90
6683.439175686149         -90
6702.703370061166         -90
6722.02309111567          -90
6741.398498898499         -90
6760.829753919819         -90
6780.317017152456         -90
6799.860450033224         -90
6819.460214464241         -90
6839.116472814293         -90
6858.829387920183         -90
6878.599123088082         -90
6898.425842094826         -90
6918.309709189362         -90
6938.250889094058         -90
6958.249547006057         -90
6978.305848598663         -90
6998.419960022731         -90
7018.592047908021         -90
7038.822279364571         -90
7059.110821984093         -90
7079.457843841381         -90
7099.863513495665         -90
7120.327999992026         -90
7140.85147286281          -90
7161.43410212902          -90
7182.076058301709         -90
7202.777512383406         -90
7223.53863586956          -90
7244.359600749906         -90
7265.240579509924         -90
7286.181745132274         -90
7307.183271098219         -90
7328.245331389045         -90
7349.368100487516         -90
7370.551753379339         -90
7391.796465554602         -90
7413.102413009177         -90
7434.469772246267         -90
7455.898720277816         -90
7477.389434625969         -90
7498.942093324558         -90
7520.556874920589         -90
7542.2339584757065        -90
7563.973523567667         -90
7585.775750291836         -90
7607.640819262703         -90
7629.568911615335         -90
7651.560209006901         -90
7673.614893618185         -90
7695.73314815509          -90
7717.915155850127         -90
7740.161100463954         -90
7762.4711662869195        -90
7784.845538140543         -90
7807.284401379069         -90
7829.787941891021         -90
7852.356346100718         -90
7874.9898009698145        -90
7897.688493998856         -90
7920.45261322885          -90
7943.282347242822         -90
7966.17788516731          -90
7989.13941667404          -90
8012.167131981434         -90
8035.261221856177         -90
8058.421877614818         -90
8081.649291125368         -90
8104.943654808873         -90
8128.305161640995         -90
8151.734005153622         -90
8175.230379436502         -90
8198.794479138794         -90
8222.426499470712         -90
8246.126636205156         -90
8269.895085679318         -90
8293.732044796288         -90
8317.63771102671          -90
8341.612282410431         -90
8365.655957558107         -90
8389.768935652859         -90
8413.951416451948         -90
8438.203600288409         -90
8462.525688072697         -90
8486.917881294366         -90
8511.380382023759         -90
8535.913392913666         -90
8560.517117200949         -90
8585.191758708328         -90
8609.937521846008         -90
8634.754611613364         -90
8659.643233600653         -90
8684.603593990747         -90
8709.635899560806         -90
8734.740357683986         -90
8759.91717633117          -90
8785.166564072719         -90
8810.488730080147         -90
8835.883884127874         -90
8861.352236594994         -90
8886.893998466987         -90
8912.509381337459         -90
8938.198597409906         -90
8963.961859499503         -90
8989.799381034809         -90
9015.711376059571         -90
9041.6980592345           -90
9067.759645839049         -90
9093.896351773164         -90
9120.108393559096         -90
9146.395988343218         -90
9172.759353897804         -90
9199.198708622776         -90
9225.71427154763          -90
9252.306262333164         -90
9278.974901273317         -90
9305.72040929699          -90
9332.543007969905         -90
9359.442919496421         -90
9386.420366721355         -90
9413.475573131846         -90
9440.608762859236         -90
9467.820160680869         -90
9495.109992021982         -90
9522.478482957596         -90
9549.92586021436          -90
9577.452351172416         -90
9605.058183867304         -90
9632.743586991879         -90
9660.50878989814          -90
9688.354022599171         -90
9716.279515771057         -90
9744.28550075478          -90
9772.372209558112         -90
9800.53987485756          -90
9828.788730000315         -90
9857.11900900617          -90
9885.53094656939          -90
9914.024778060782         -90
9942.600739529567         -90
9971.25906770533          -90
10000                     -90
