% Model:              AC -220722 - Compressor.mph
% Version:            COMSOL 6.0.0.405
% Date:               Jul 22 2022, 20:34
% Dimension:          1
% Nodes:              1601
% Expressions:        1
% Description:        Global
% freq (Hz)               2DX, |Z<sub>ac</sub>|
100                       4.19405250805357E7
100.28823774509846        4.1819966697829865E7
100.57730630017382        4.1699754745588094E7
100.8672080599342         4.157988826326862E7
101.15794542598982        4.1460366240350075E7
101.44952080687364        4.134118765655927E7
101.74193661806045        4.1222351558185644E7
102.03519528198785        4.110385696577025E7
102.32929922807536        4.098570286207139E7
102.62425089274542        4.086788835283217E7
102.92005271944286        4.0750412351434454E7
103.21670715865542        4.063327396273307E7
103.5142166679344         4.051647216662895E7
103.8125837119143         4.040000601514469E7
104.11181076233397        4.028387457789154E7
104.41190029805638        4.0168076828312345E7
104.71285480508996        4.005261184807399E7
105.01467677660837        3.9937478670742586E7
105.3173687129716         3.98226763616026E7
105.6209331217469         3.970820393944837E7
105.92537251772886        3.9594060467829525E7
106.2306894229611         3.948024499680754E7
106.53688636675629        3.9366756583675064E7
106.84396588571794        3.925359433102278E7
107.1519305237606         3.9140757230606705E7
107.46078283213176        3.9028244377749726E7
107.77052536943224        3.891605485572191E7
108.08116070163774        3.8804187740349784E7
108.39269140212039        3.869264206190971E7
108.70512005166928        3.8581416935542196E7
109.01844923851279        3.8470511419148766E7
109.33268155833908        3.8359924582063034E7
109.64781961431851        3.824965555711018E7
109.96386601712433        3.813970339024983E7
110.28082338495518        3.803006718497228E7
110.59869434355599        3.792074601564991E7
110.9174815262401         3.781173898797917E7
111.23718757391133        3.770304522388496E7
111.55781513508519        3.7594663791989684E7
111.87936686591168        3.748659377847753E7
112.2018454301963         3.7378834347124055E7
112.52525349942316        3.7271384552103266E7
112.84959375277622        3.716424353272929E7
113.17486887716188        3.7057410371194005E7
113.50108156723155        3.6950884227586605E7
113.82823452540319        3.684466415919108E7
114.1563304618846         3.673874934469747E7
114.48537209469495        3.6633138884982266E7
114.81536214968828        3.652783188785745E7
115.14630336057506        3.6422827499209195E7
115.47819846894582        3.631812484497022E7
115.81105022429303        3.6213723049144275E7
116.14486138403426        3.6109621270421766E7
116.47963471353533        3.600581863657046E7
116.81537298613243        3.590231427984211E7
117.15207898315602        3.579910733733278E7
117.48975549395291        3.569619697162605E7
117.82840531591037        3.5593582305797264E7
118.16803125447831        3.54912624979208E7
118.50863612319345        3.538923674586656E7
118.85022274370189        3.528750412898794E7
119.19279394578271        3.518606386026254E7
119.53635256737189        3.508491507728007E7
119.8809014545849         3.498405694381964E7
120.22644346174131        3.488348862123796E7
120.57298145138739        3.478320929303777E7
120.92051829432084        3.468321810837352E7
121.26905686961376        3.45835142583745E7
121.6186000646368         3.448409689407493E7
121.96915077508342        3.438496521352987E7
122.32071190499313        3.428611836555916E7
122.67328636677647        3.4187555560912125E7
123.02687708123811        3.408927597250533E7
123.38148697760212        3.399127880241559E7
123.73711899353519        3.389356320500869E7
124.09377607517196        3.379612840200096E7
124.45146117713857        3.3698973564059004E7
124.81017726257751        3.360209789615227E7
125.16992730317256        3.35055006009002E7
125.53071427917247        3.340918086814533E7
125.89254117941675        3.3313137908873513E7
126.25541100135932        3.3217370913508583E7
126.61932675109443        3.312187910794301E7
126.9842914433805         3.302666168568455E7
127.35030810166616        3.2931717870536406E7
127.71737975811435        3.283704685014218E7
128.08550945362785        3.274264788318466E7
128.45470023787485        3.264852015200943E7
128.82495516931337        3.2554662892439928E7
129.1962773152175         3.2461075316372808E7
129.5686697517019         3.2367756667738304E7
129.94213556374828        3.227470614046609E7
130.31667784523           3.2181922999730717E7
130.69229969893817        3.2089406457261443E7
131.06900423660773        3.1997155751931325E7
131.4467945789422         3.1905170115465727E7
131.82567385564073        3.181344878807783E7
132.20564520542297        3.1721991010681674E7
132.58671177605595        3.163079602357754E7
132.9688767243793         3.1539863071519714E7
133.3521432163324         3.1449191407518398E7
133.73651442697962        3.1358780280571297E7
134.1219935405371         3.1268628925362922E7
134.50858375039945        3.1178736602413047E7
134.89628825916532        3.1089102585115757E7
135.28511027866506        3.0999726109644294E7
135.67505302998612        3.091060644005029E7
136.06611974350088        3.0821742851955093E7
136.4583136588924         3.0733134585079003E7
136.85163802518215        3.064478092843419E7
137.24609610075626        3.055668112609254E7
137.6416911533926         3.0468834472577468E7
138.03842646028852        3.038124022986259E7
138.4363053080869         3.0293897672660083E7
138.83533099290457        3.020680607255325E7
139.23550682035835        3.0119964705765206E7
139.63683610559377        3.0033372867063105E7
140.03932217331138        2.9947029838086616E7
140.44296835779474        2.9860934875812545E7
140.84777800293858        2.977508730873453E7
141.2537544622754         2.9689486395235598E7
141.66090109900438        2.9604131435061727E7
142.06922128601818        2.9519021730124895E7
142.47871840593191        2.9434156564202707E7
142.8893958511102         2.9349535224542283E7
143.30125702369628        2.92651570388208E7
143.71430533563912        2.918102128917247E7
144.12854420872233        2.9097127276109062E7
144.5439770745928         2.901347431637412E7
144.96060737478808        2.8930061707108673E7
145.37843856076623        2.884688875725054E7
145.79747409393298        2.8763954783821944E7
146.21771744567184        2.8681259087892253E7
146.63917209737153        2.859880100900458E7
147.06184154045604        2.851657984378096E7
147.4857292764125         2.8434594921339307E7
147.91083881682073        2.8352845545068633E7
148.33717368338253        2.827133106226957E7
148.76473740795015        2.8190050773579482E7
149.19353353255647        2.8109004025249004E7
149.6235656094433         2.8028190137648556E7
150.05483720109186        2.7947608438147314E7
150.48735188025145        2.786725826161752E7
150.9211132299693         2.7787138951251924E7
151.35612484362088        2.770724982631563E7
151.79239032493837        2.7627590235237185E7
152.22991328804204        2.754815952353858E7
152.66869735746866        2.746895702021131E7
153.10874616820303        2.738998208593649E7
153.55006336570662        2.7311234043031693E7
153.9926526059492         2.7232712258073226E7
154.4365175554379         2.7154416084189415E7
154.88166189124811        2.7076344844677567E7
155.32808930105446        2.6998497922071964E7
155.7758034831602         2.692087465581734E7
156.22480814652906        2.684347441434487E7
156.67510701081486        2.6766296547245983E7
157.12670380639344        2.668934041426265E7
157.57960227439236        2.6612605383262422E7
158.03380616672317        2.653609082167942E7
158.48931924611142        2.6459796087057512E7
158.94614528612814        2.638372055255426E7
159.4042880712218         2.630786358271604E7
159.86375139674837        2.6232224556607313E7
160.32453906900417        2.6156802841052007E7
160.786654905256          2.608159781679959E7
161.25010273377416        2.600660885815198E7
161.71488639386294        2.5931835336777404E7
162.18100973589299        2.5857276650050376E7
162.64847662133363        2.5782932163944528E7
163.1172909227838         2.5708801278192475E7
163.58745652400532        2.56348833578532E7
164.05897731995387        2.556117780994922E7
164.5318572168125         2.5487684016042467E7
165.00610013202268        2.5414401360035807E7
165.48170999431815        2.5341329250081602E7
165.95869074375614        2.5268467068746433E7
166.4370463317507         2.5195814219955876E7
166.91678072110582        2.512337009492071E7
167.3978978860471         2.5051134101489924E7
167.88040181225605        2.497910563254934E7
168.36429649690177        2.490728409625878E7
168.84958594867533        2.4835668900153734E7
169.33627418782172        2.4764259447655376E7
169.82436524617444        2.4693055148041435E7
170.31386316718778        2.4622055407013856E7
170.8047720059708         2.4551259643720407E7
171.29709582932136        2.448066726930728E7
171.79083871575875        2.441027769361901E7
172.2860047555588         2.4340090343003586E7
172.78259805078628        2.4270104619237963E7
173.2806227153304         2.4200319965871785E7
173.78008287493762        2.413073579154854E7
174.2809826672464         2.406135152053546E7
174.78332624182192        2.3992166578601398E7
175.28711776018926        2.3923180392278638E7
175.7923613958693         2.385439239153262E7
176.2990613344119         2.3785802007560465E7
176.80722177343196        2.3717408663649514E7
177.31684692264275        2.364921179941204E7
177.82794100389228        2.3581210858405422E7
178.34050825119692        2.3513405262553513E7
178.85455291077713        2.3445794460512195E7
179.37007924109307        2.3378377884108342E7
179.88709151287873        2.3311154984698698E7
180.40559400917866        2.3244125195869673E7
180.92559102538203        2.3177287964637835E7
181.44708686925964        2.3110642744247817E7
181.97008586099827        2.3044188974474E7
182.49459233323773        2.297792610534037E7
183.02061063110568        2.2911853589477725E7
183.54814511225402        2.2845970889347386E7
184.07720014689562        2.2780277438926756E7
184.60778011783924        2.2714772713524297E7
185.13988942052723        2.264945615130914E7
185.67353246307053        2.2584327231980793E7
186.20871366628674        2.2519385400635168E7
186.7454374637353         2.2454630126907244E7
187.28370830175484        2.239006087158909E7
187.8235306395006         2.2325677100692872E7
188.36490894898           2.226147827882454E7
188.90784771509132        2.2197463876731507E7
189.45235143565915        2.213363336517462E7
189.9984246214733         2.2069986209545225E7
190.54607179632484        2.200652188609859E7
191.09529749704404        2.1943239870502524E7
191.64610627353872        2.1880139635295413E7
192.1985026888304         2.181722066240731E7
192.75249131909365        2.1754482426260605E7
193.30807675369272        2.1691924410714217E7
193.86526359522077        2.162954609225366E7
194.42405645953662        2.1567346957478147E7
194.98445997580455        2.1505326495216984E7
195.54647878653103        2.1443484184155703E7
196.11011754760474        2.1381819514947727E7
196.6753809283339         2.1320331978952713E7
197.24227361148533        2.1259021064578712E7
197.81080029332404        2.119788626462877E7
198.38096568365052        2.1136927070071924E7
198.95277450584163        2.1076142978048388E7
199.52623149688787        2.1015533486794453E7
200.10134140743443        2.0955098090671804E7
200.678109001819          2.089483629540886E7
201.25653905811188        2.0834747591718014E7
201.83663636815618        2.077483148824248E7
202.41840573760612        2.0715087489874415E7
203.00185198596844        2.0655515097618297E7
203.5869799466407         2.0596113821979288E7
204.17379446695296        2.05368831641963E7
204.76230040820647        2.0477822645541776E7
205.3525026457146         2.0418931762863312E7
205.94440606884388        2.0360210036035772E7
206.53801558105292        2.0301656976642676E7
207.13333609993484        2.0243272103338223E7
207.7303725572563         2.0185054927620392E7
208.32912989899995        2.012700496645162E7
208.92961308540387        2.006912174522514E7
209.53182709100417        2.001140477791798E7
210.13577690467469        1.9953853588532824E7
210.74146752966985        1.9896467704384048E7
211.34890398366477        1.983924664504494E7
211.95809129879737        1.9782189935805663E7
212.56903452171076        1.972529710691773E7
213.1817387135935         1.966856768687223E7
213.79620895022325        1.9612001204330385E7
214.41245032200715        1.9555597193924785E7
215.03046793402564        1.9499355184476398E7
215.65026690607334        1.944327471166233E7
216.271852372702          1.9387355308055926E7
216.89522948326376        1.933159651425484E7
217.52040340195222        1.927599786954108E7
218.14737930784707        1.9220558910630472E7
218.77616239495518        1.9165279176294822E7
219.40675787225535        1.9110158212933093E7
220.03917096373996        1.9055195559129972E7
220.673406908459          1.900039076360659E7
221.30947096056389        1.8945743372731496E7
221.94736838934972        1.889125293023099E7
222.58710447930054        1.8836918985226795E7
223.2286845301314         1.8782741089509178E7
223.872113856834          1.87287187952716E7
224.51739778971898        1.867485165369714E7
225.1645416744618         1.8621139215992205E7
225.81355087214533        1.8567581040072948E7
226.46443075930597        1.8514176681572117E7
227.11718672797664        1.8460925697858803E7
227.77182418573219        1.840782764934336E7
228.42834855573477        1.8354882092519827E7
229.08676527677724        1.8302088591120318E7
229.74707980333002        1.824944670974319E7
230.40929760558447        1.819695600869185E7
231.07342416950002        1.8144616055981144E7
231.73946499684797        1.809242641428768E7
232.40742560525788        1.8040386653717298E7
233.07731152826386        1.7988496344429985E7
233.7491283153488         1.7936755054190125E7
234.42288153199226        1.7885162356351342E7
235.0985767597147         1.7833717822492603E7
235.77621959612546        1.7782421026372094E7
236.45581565496772        1.773127154281456E7
237.13737056616552        1.768026894775752E7
237.8208899758712         1.762941281888219E7
238.50637954651052        1.757870273669941E7
239.19384495683136        1.7528138278477844E7
239.88329190194898        1.7477719027216416E7
240.57472609339513        1.7427444564760122E7
241.26815325916328        1.73773144741171E7
241.96357914375818        1.7327328340278286E7
242.66100950824142        1.7277485748808708E7
243.36045013028115        1.72277862887667E7
244.06190680419814        1.717822954224854E7
244.76538534101462        1.7128815106381793E7
245.4708915685031         1.707954256931595E7
246.17843133123299        1.7030411521709487E7
246.8880104906209         1.6981421555401213E7
247.59963492497727        1.693257226895512E7
248.31331052955704        1.6883863252726395E7
249.02904321660677        1.683529410617166E7
249.74683891541434        1.6786864425958358E7
250.4667035723588         1.6738573810217848E7
251.18864315095797        1.6690421861347772E7
251.91266363191968        1.6642408176132169E7
252.63877101318954        1.6594532361988338E7
253.36697131000244        1.6546794018618057E7
254.09727055493065        1.6499192752285799E7
254.82967479793464        1.6451728168462662E7
255.56419010641395        1.6404399872673305E7
256.30082256525554        1.6357207473062506E7
257.03957827688646        1.631015058091602E7
257.78046336132206        1.6263228802635312E7
258.52348395621914        1.6216441752634421E7
259.26864621692425        1.6169789042694267E7
260.0159563165272         1.6123270286117725E7
260.7654204459099         1.6076885097512009E7
261.5170448137997         1.6030633091197485E7
262.27083564681914        1.5984513887327153E7
263.02679918953817        1.593852709909829E7
263.7849417045267         1.5892672350005083E7
264.54526947240487        1.5846949258082002E7
265.30778879189677        1.5801357444449652E7
266.0725059798809         1.575589653131536E7
266.83942737144423        1.5710566144849544E7
267.6085593199333         1.5665365904862247E7
268.3799081970073         1.5620295439054886E7
269.1534803926917         1.5575354374929233E7
269.9292823154293         1.55305423399638E7
270.7073203921358         1.5485858962198965E7
271.4876010682502         1.5441303871579673E7
272.27013080779125        1.5396876698745025E7
273.0549160934083         1.5352577075714955E7
273.8419634264361         1.5308404636206906E7
274.6312793269498         1.5264359012985911E7
275.4228703338166         1.5220439843420995E7
276.21674300475223        1.5176646762065401E7
277.01290391637326        1.5132979404882975E7
277.8113596642536         1.5089437412485525E7
278.61211686297696        1.504602042345169E7
279.41518214619384        1.5002728077520203E7
280.22056216667454        1.495956001551726E7
281.028263596366          1.491651588228951E7
281.8382931264455         1.487359531900147E7
282.65065746737685        1.4830797970655268E7
283.4653633489668         1.478812348207186E7
284.28241752041873        1.4745571501007987E7
285.10182675039096        1.4703141675158052E7
285.9235978270505         1.466083365021925E7
286.74773755813163        1.4618647078920742E7
287.57425277099003        1.457658161040779E7
288.40315031266056        1.453463689704649E7
289.23443704991473        1.4492812588281441E7
290.0681198693153         1.4451108341250876E7
290.90420567727614        1.4409523808428446E7
291.7427014001166         1.43680586467274E7
292.5836139841216         1.4326712512168288E7
293.42695039559703        1.428548506167488E7
294.2727176209282         1.4244375953327369E7
295.1209226666387         1.420338484758561E7
295.9715725594465         1.4162511404767595E7
296.8246743463243         1.4121755285609603E7
297.68023509455566        1.4081116152786467E7
298.538261891796          1.4040593670279795E7
299.39876184612876        1.4000187500997046E7
300.26174208612673        1.3959897310423432E7
301.12720976090884        1.3919722766558263E7
301.9951720402016         1.3879663534392802E7
302.8656361143965         1.3839719283646239E7
303.73860919461043        1.3799889681855004E7
304.6140985127464         1.3760174400979413E7
305.49211132155125        1.3720573110017302E7
306.37265489467813        1.3681085481939098E7
307.25573652674456        1.3641711189930996E7
308.1413635333949         1.3602449907362953E7
309.0295432513592         1.3563301308931233E7
309.9202830385147         1.3524265069393884E7
310.8135902739477         1.3485340867093885E7
311.70947235801253        1.3446528378449595E7
312.6079367123956         1.3407827282999605E7
313.50899078017386        1.3369237257823389E7
314.4126420258796         1.3330757986680986E7
315.3188979355595         1.3292389146846889E7
316.22776601683796        1.3254130424396906E7
317.1392537989798         1.321598149851764E7
318.05336883295206        1.317794205555269E7
318.9701186914858         1.3140011781334164E7
319.88951096913974        1.3102190358694006E7
320.81155328236366        1.3064477476021988E7
321.7362532695601         1.302687282074191E7
322.66361859114824        1.2989376080887957E7
323.5936569296281         1.2951986947191479E7
324.5263759896437         1.2914705107598651E7
325.46178349804603        1.2877530254966563E7
326.3998872039577         1.2840462080360645E7
327.3406948788383         1.2803500277557105E7
328.28421431654635        1.2766644539436892E7
329.23045333340656        1.2729894562128585E7
330.1794197682719         1.2693250040006237E7
331.1311214825911         1.2656710668581303E7
332.0855663604718         1.2620276146410601E7
333.0427623087463         1.2583946171850516E7
334.0027172570387         1.2547720443767328E7
334.9654391578276         1.251159866234547E7
335.9309359865153         1.2475580526861707E7
336.8992157414906         1.2439665739445763E7
337.87028644419826        1.2403854003997367E7
338.84415613920277        1.236814502211064E7
339.82083289425594        1.2332538498604523E7
340.8003248003648         1.2297034138245326E7
341.7826399718576         1.2261631647387773E7
342.76778654645045        1.2226330732724385E7
343.7557726853155         1.2191131101682357E7
344.74660657314945        1.2156032462798085E7
345.7402964182394         1.2121034523784708E7
346.73685045253166        1.2086136996701783E7
347.7362769317011         1.2051339591641854E7
348.7385841352184         1.2016642020031469E7
349.74378036641804        1.1982043994810015E7
350.75187395256796        1.19475452290175E7
351.76287324493944        1.1913145437079007E7
352.7767866188738         1.1878844334019005E7
353.7936224738549         1.1844641635860443E7
354.8133892335753         1.1810537058839252E7
355.8360953460096         1.177653032079545E7
356.86174928348134        1.1742621139027039E7
357.8903595427346         1.1708809233935686E7
358.92193464500536        1.1675094324016673E7
359.9564831360895         1.1641476131281951E7
360.9940135864167         1.1607954376399523E7
362.03453459111824        1.1574528782293785E7
363.0780547701014         1.1541199071022043E7
364.1245827681181         1.1507964967345672E7
365.1741272548377         1.1474826195648037E7
366.2266969249197         1.1441782480986461E7
367.2823004980846         1.140883355058688E7
368.34094671918604        1.1375979130279195E7
369.4026443582834         1.1343218948785089E7
370.46740221071576        1.1310552734215362E7
371.53522909717276        1.1277980216029458E7
372.6061338637685         1.124550112447397E7
373.6801253821156         1.121311519024595E7
374.7572125493981         1.1180822145358559E7
375.8374042884443         1.1148621721858073E7
376.92070954780155        1.1116513653197873E7
378.0071373018112         1.1084497673513027E7
379.0966965506808         1.1052573517338093E7
380.1893963205613         1.1020740919483026E7
381.2852456636187         1.0988999617959304E7
382.38425365811264        1.0957349348173954E7
383.4864294084684         1.0925789848758275E7
384.5917820453535         1.0894320857869476E7
385.70032072575503        1.086294211514707E7
386.81205463305207        1.0831653360259686E7
387.92699297709544        1.0800454333912505E7
389.04514499428046        1.0769344777946074E7
390.166519947627          1.073832443451482E7
391.2911271268532         1.0707393046466772E7
392.4189758484536         1.0676550357681762E7
393.55007545577723        1.0645796112720873E7
394.68443531910424        1.0615130056399174E7
395.82206483572264        1.0584551934727633E7
396.96297343000685        1.0554061494844189E7
398.1071705534973         1.052365848355653E7
399.25466568497603        1.0493342649158498E7
400.4054683305464         1.0463113740685152E7
401.5595880237129         1.0432971507746244E7
402.71703432545905        1.0402915699810967E7
403.87781682432615        1.037294606894255E7
405.0419451364931         1.0343062366184495E7
406.20942890585746        1.031326434430292E7
407.3802778041126         1.0283551755856799E7
408.55450153083103        1.0253924354922097E7
409.73210981354134        1.0224381896444174E7
410.9131124078122         1.0194924134882586E7
412.0975190973304         1.0165550826927269E7
413.28533969398285        1.0136261728785284E7
414.4765840379393         1.0107056597985404E7
415.67126199773094        1.0077935192680227E7
416.8693834703355         1.0048897270992221E7
418.0709583812558         1.0019942592882238E7
419.2759966846055         9991070.918143257
420.4845083631883         9962282.00776186
421.6965034285823         9933575.623427507
422.91199192122343        9904951.52679381
424.1309839104881         9876409.480944159
425.35348949477566        9847949.248895893
426.57951880159254        9819570.596092764
427.80908198763814        9791273.286292246
429.0421892388857         9763057.084968077
430.2788507706685         9734921.759526335
431.519076827765          9706867.075429471
432.76287768448304        9678892.801040469
434.010263644744          9650998.704606486
435.26124504216904        9623184.554069923
436.5158322401661         9595450.120252524
437.7740356320125         9567795.1730545
439.03586564094473        9540219.482417671
440.30133272024125        9512722.821076136
441.57044735331255        9485304.960415844
442.8432200537849         9457965.673612466
444.1196613655889         9430704.734104939
445.39978186304796        9403521.9157439
446.683592150963          9376416.993439227
447.97110286470377        9349389.742680449
449.26232467029325        9322439.939590752
450.5572682644998         9295567.360870207
451.8559443749226         9268771.783925049
453.1583637600818         9242052.986169277
454.4645372095085         9215410.746704284
455.7744755438333         9188844.84482967
457.0881896148752         9162355.060067816
458.405690305732          9135941.173504597
459.7269885308723         9109602.965946829
461.0520952362227         9083340.218685456
462.38102139926036        9057152.71477381
463.71377802910433        9031040.236976217
465.05037616660627        9005002.568971198
466.3908268844408         8979039.495081773
467.73514128719813        8953150.800151322
469.0833305114774         8927336.269618614
470.435405725976          8901595.689152166
471.79137813158536        8875928.846193245
473.15125896148027        8850335.52742602
474.5150594812158         8824815.52156431
475.8827909888171         8799368.616235351
477.2544648148744         8773994.601338226
478.6300923226385         8748693.26645433
480.00968490811147        8723464.401270822
481.39325400014485        8698307.79761673
482.7808110605305         8673223.24634825
484.1723675840994         8648210.540115666
485.5679350988136         8623269.471267972
486.9675251658631         8598399.833592106
488.37114937976247        8573601.420696553
489.77881936844614        8548874.027182646
491.1905467933636         8524217.44783731
492.6063433495771         8499631.478795255
494.0262207658599         8475115.916170891
495.45019080479057        8450670.556676686
496.87826526285176        8426295.197858594
498.3104559705293         8401989.637750773
499.7467747924086         8377753.674748478
501.18723362727246        8353587.108361539
502.63184440820055        8329489.737984331
504.0806191026696         8305461.364036149
505.53356971264895        8281501.787985552
506.99070827470445        8257610.810141476
508.4520468600936         8233788.23363017
509.9175975748702         8210033.860218117
511.3873725599802         8186347.493441937
512.8613839913648         8162728.936972493
514.3396440800623         8139177.995134389
515.8221650723056         8115694.47247858
517.3089592496281         8092278.174861277
518.8000389289609         8068928.907964741
520.2954164627397         8045646.478196128
521.7951042390025         8022430.692638706
523.2991146814946         7999281.359095301
524.8074602497722         7976198.285827591
526.3201534393047         7953181.281146122
527.8372067815769         7930230.154543981
529.3586328441943         7907344.715688843
530.8844442309885         7884524.774946802
532.4146535821184         7861770.143556545
533.9492735741767         7839080.632457447
535.4883169202959         7816456.053802473
537.0317963702527         7793896.220027252
538.5797247105721         7771400.944396017
540.1321147646348         7748970.039956159
541.688979392785          7726603.321525191
543.250331492433          7704300.603178243
544.8161839981667         7682061.700439772
546.386549881854          7659886.428791829
547.9614421527547         7637774.604377869
549.5408738576248         7615726.04417542
551.1248580808259         7593740.565332812
552.7134079444351         7571817.985664663
554.3065366083505         7549958.123405977
555.9042572704037         7528160.797258323
557.5065831664657         7506425.827049693
559.1135275705602         7484753.032331043
560.72510379497           7463142.233241587
562.341325190349          7441593.251022162
563.962205145834          7420105.907049587
565.5877570891539         7398680.023016866
567.2179944867406         7377315.42150281
568.8529308438414         7356011.925451866
570.4925797046321         7334769.358150958
572.1369546523267         7313587.543599948
573.7860693092911         7292466.306382286
575.4399373371566         7271405.471213867
577.0985724369333         7250404.863661263
578.7619883491209         7229464.309698844
580.4301988538248         7208583.635459007
582.1032177708715         7187762.668355204
583.7810589599193         7167001.23536912
585.4637363205773         7146299.16467156
587.1512637925164         7125656.284543576
588.843655355589          7105072.423811877
590.5409250299413         7084547.412216838
592.2430868761305         7064081.079242284
593.9501549952438         7043673.25530632
595.6621435290103         7023323.77144337
597.3790666599235         7003032.458753739
599.1009386113537         6982799.149224197
600.8277736476707         6962623.674904096
602.5595860743581         6942505.868782866
604.2963902381329         6922445.563938301
606.038200527066          6902442.594116034
607.7850313707005         6882496.793652624
609.5368972401693         6862607.996930356
611.2938126483169         6842776.039328142
613.0557921498208         6823000.756297837
614.8228503413089         6803281.983965473
616.5950018614822         6783619.558840723
618.372261391237          6764013.318009654
620.1546436537853         6744463.098795794
621.9421634147765         6724968.739135878
623.7348354824192         6705530.07756946
625.5326747076073         6686146.952796976
627.3356959840379         6666819.204206174
629.14391424834           6647546.6715321895
630.957344480193          6628329.1949286
632.7760017024558         6609166.61529272
634.5999009812872         6590058.773454839
636.429057426272          6571005.51125
638.263486190549          6552006.67059267
640.1032024709307         6533062.093928852
641.948221508036          6514171.624410571
643.7985585864097         6495335.105106234
645.6542290346556         6476552.3800243735
647.5152482255579         6457823.293539823
649.3816315762114         6439147.690059548
651.2533945481495         6420525.415001769
653.1305526474723         6401956.313897906
655.0131214249725         6383440.232709272
656.9011164762662         6364977.01787231
658.794553441924          6346566.516510052
660.6934480075964         6328208.575786275
662.5978159041462         6309903.043622942
664.5076729077792         6291649.768071693
666.4230348401749         6273448.597851461
668.3439175686149         6255299.382065336
670.2703370061167         6237201.9700777745
672.2023091115669         6219156.21208754
674.1398498898492         6201161.958184605
676.0829753919819         6183219.059313678
678.0317017152456         6165327.366579963
679.9860450033224         6147486.731719773
681.9460214464241         6129697.006713103
683.9116472814293         6111958.0440329015
685.882938792019          6094269.69661497
687.8599123088075         6076631.817699989
689.8425842094827         6059044.261022242
691.8309709189363         6041506.880873994
693.8250889094057         6024019.531588191
695.8249547006056         6006582.068352572
697.8305848598663         5989194.346301471
699.841996002273          5971856.2214270625
701.8592047908021         5954567.549847237
703.8822279364571         5937328.188111224
705.9110821984092         5920137.993403649
707.945784384138          5902996.8229840305
709.9863513495665         5885904.534850516
712.0327999992026         5868860.987013287
714.085147286281          5851866.03828568
716.143410212902          5834919.54759123
718.2076058301709         5818021.37443979
720.2777512383407         5801171.378551731
722.353863586956          5784369.420280624
724.4359600749899         5767615.360165637
726.5240579509924         5750909.059250335
728.6181745132274         5734250.379047027
730.7183271098219         5717639.181220185
732.8245331389045         5701075.328001412
734.9368100487516         5684558.682038017
737.0551753379347         5668089.106252927
739.1796465554595         5651666.464036477
741.3102413009177         5635290.619062529
743.4469772246266         5618961.435653696
745.5898720277816         5602678.778083064
747.7389434625969         5586442.5115171205
749.8942093324558         5570252.501127572
752.0556874920588         5554108.612551389
754.2233958475707         5538010.711817838
756.3973523567668         5521958.665489414
758.5775750291835         5505952.340321713
760.7640819262703         5489991.6034301
762.9568911615336         5474076.322375071
765.1560209006901         5458206.365164382
767.3614893618186         5442381.600099824
769.573314815509          5426601.895864446
771.7915155850127         5410867.121485421
774.0161100463954         5395177.146345817
776.247116628692          5379531.840284432
778.4845538140535         5363931.073544864
780.728440137907          5348374.716527496
782.978794189102          5332862.640132538
785.2356346100718         5317394.715678825
787.4989800969814         5301970.814761116
789.7688493998855         5286590.809349171
792.0452613228858         5271254.571789123
794.3282347242813         5255961.974768989
796.617788516731          5240712.891464986
798.9139416674041         5225507.1951547135
801.2167131981433         5210344.759674374
803.5261221856177         5195225.459220439
805.8421877614818         5180149.168141348
808.1649291125368         5165115.761411957
810.4943654808874         5150125.114215052
812.8305161640995         5135177.102010281
815.1734005153622         5120271.600751003
817.5230379436501         5105408.486736424
819.8794479138794         5090587.636540786
822.2426499470712         5075808.927031456
824.6126636205156         5061072.235571599
826.9895085679318         5046377.43982877
829.3732044796288         5031724.417751324
831.7637711026708         5017113.047588491
834.1612282410431         5002543.208105442
836.5655957558099         4988014.778292177
838.9768935652859         4973527.637505652
841.3951416451947         4959081.66536053
843.8203600288408         4944676.7420034455
846.2525688072697         4930312.747781315
848.6917881294366         4915989.563317348
851.1380382023768         4901707.069667612
853.5913392913657         4887465.14825943
856.0517117200949         4873263.680704452
858.5191758708328         4859102.549142409
860.9937521846008         4844981.635884351
863.4754611613363         4830900.823655385
865.9643233600654         4816859.995402774
868.4603593990746         4802859.034595662
870.9635899560806         4788897.824881732
873.4740357683985         4774976.25023205
875.991717633117          4761094.19498976
878.516656407272          4747251.54382688
881.0488730080147         4733448.181761264
883.5883884127875         4719683.994016519
886.1352236594994         4705958.866253877
888.6893998466987         4692272.684494384
891.2509381337459         4678625.3348726705
893.8198597409905         4665016.7040481465
896.3961859499502         4651446.678933828
898.97993810348           4637915.146690076
901.571137605957          4624421.994894638
904.1698059234501         4610967.111374816
906.775964583905          4597550.384313835
909.3896351773163         4584171.702161077
912.0108393559096         4570830.953658986
914.6395988343227         4557528.0279951
917.2759353897794         4544262.814586018
919.9198708622777         4531035.203025372
922.5714271547629         4517845.083433118
925.2306262333165         4504692.346076455
927.8974901273317         4491576.881652418
930.572040929699          4478498.581060544
933.2543007969905         4465457.335549457
935.9442919496422         4452453.0366689125
938.6420366721355         4439485.5762627665
941.3475573131847         4426554.846514143
944.0608762859235         4413660.739820993
946.7820160680869         4400803.148984135
949.5109992021983         4387981.967003925
952.2478482957596         4375197.087248087
954.992586021436          4362448.403412709
957.7452351172416         4349735.809341876
960.5058183867304         4337059.199312326
963.2743586991879         4324418.467859302
966.0508789898131         4311813.50978108
968.8354022599171         4299244.220208011
971.6279515771058         4286710.494532914
974.428550075478          4274212.228455405
977.2372209558112         4261749.317970324
980.053987485756          4249321.659309296
982.8788730000325         4236929.149051861
985.711900900616          4224571.684055521
988.553094656939          4212249.161443899
991.4024778060783         4199961.478628718
994.2600739529568         4187708.533295868
997.1259067705331         4175490.2234575385
1000                      4163306.447340739
1002.8823774509835        4151157.1034987783
1005.7730630017381        4139042.090796948
1008.672080599342         4126961.308314558
1011.5794542598983        4114914.6554027046
1014.4952080687364        4102902.0317703695
1017.4193661806056        4090923.3373181187
1020.3519528198785        4078978.4722875967
1023.2929922807537        4067067.33717744
1026.2425089274543        4055189.8327050353
1029.2005271944286        4043345.85993715
1032.1670715865541        4031535.320196048
1035.1421666793442        4019758.1150270263
1038.125837119144         4008014.1462851367
1041.1181076233397        3996303.3161351746
1044.119002980564         3984625.526915054
1047.1285480508996        3972980.6813067007
1050.1467677660837        3961368.6822140766
1053.173687129716         3949789.432859026
1056.209331217468         3938242.8366795806
1059.2537251772887        3926728.797386581
1062.306894229611         3915247.2189718327
1065.368863667563         3903798.005698954
1068.4396588571794        3892381.0620834394
1071.519305237607         3880996.2928456636
1074.6078283213176        3869643.603061123
1077.7052536943213        3858322.8980048066
1080.8116070163774        3847034.083232974
1083.9269140212039        3835777.0645438777
1087.051200516693         3824551.748003494
1090.184492385128         3813358.039937605
1093.3268155833919        3802195.846913275
1096.4781961431852        3791065.075772921
1099.6386601712434        3779965.633577237
1102.808233849552         3768897.4276836775
1105.98694343556          3757860.365660234
1109.174815262401         3746854.3553605145
1112.3718757391132        3735879.304856646
1115.5781513508532        3724935.1225299127
1118.7936686591167        3714021.716898865
1122.018454301963         3703138.9968533968
1125.2525349942316        3692286.8714611237
1128.4959375277622        3681465.2500300845
1131.7486887716188        3670674.0421495507
1135.0108156723143        3659913.157632436
1138.282345254032         3649182.506541433
1141.563304618846         3638481.999172657
1144.8537209469496        3627811.5460796617
1148.1536214968828        3617171.0580527396
1151.463033605752         3606560.4460942135
1154.781984689458         3595979.6215086044
1158.1105022429292        3585428.4957649107
1161.4486138403427        3574906.9806231023
1164.7963471353532        3564414.988065667
1168.1537298613243        3553952.430278505
1171.5207898315603        3543519.2197600827
1174.8975549395302        3533115.269166461
1178.2840531591037        3522740.4914165456
1181.6803125447832        3512394.799660465
1185.0863612319347        3502078.107287496
1188.502227437019         3491790.327929212
1191.927939457827         3481531.37539717
1195.3635256737189        3471301.1638049986
1198.8090145458502        3461099.607443195
1202.2644346174131        3450926.6208335874
1205.7298145138739        3440782.118754139
1209.2051829432085        3430666.016171253
1212.6905686961377        3420578.2282992457
1216.1860006463678        3410518.670600016
1219.691507750833         3400487.258700422
1223.2071190499325        3390483.908512218
1226.7328636677646        3380508.5361430757
1230.268770812381         3370561.0578864687
1233.8148697760212        3360641.390328294
1237.3711899353532        3350749.450215865
1240.9377607517197        3340885.1545551266
1244.5146117713844        3331048.4205549075
1248.101772625775         3321239.165604055
1251.6992730317256        3311457.307395214
1255.3071427917248        3301702.7637457806
1258.9254117941675        3291975.452753461
1262.5541100135945        3282275.2926883986
1266.1932675109442        3272602.202044407
1269.8429144338052        3262956.099577325
1273.5030810166616        3253336.904167963
1277.1737975811434        3243744.5349769066
1280.8550945362783        3234178.911356439
1284.5470023787486        3224639.952839321
1288.249551693135         3215127.5792166563
1291.9627731521748        3205641.7104399884
1295.686697517019         3196182.2667117016
1299.4213556374827        3186749.1684069703
1303.1667784523           3177342.336132018
1306.9229969893818        3167961.690669913
1310.6900423660759        3158607.1530355546
1314.4679457894233        3149278.6444247332
1318.2567385564075        3139976.0862653907
1322.0564520542296        3130699.400150518
1325.8671177605595        3121448.507883306
1329.6887672437945        3112223.331505752
1333.521432163324         3103023.7932109996
1337.3651442697949        3093849.81540644
1341.219935405371         3084701.320697402
1345.0858375039943        3075578.231898706
1348.9628825916532        3066480.4720005547
1352.8511027866507        3057407.964208716
1356.7505302998625        3048360.631913185
1360.661197435009         3039338.3986848695
1364.583136588924         3030341.1883149534
1368.5163802518216        3021368.924766085
1372.4609610075624        3012421.5321981213
1376.416911533926         3003498.934972138
1380.3842646028852        2994601.057625609
1384.3630530808705        2985727.8248816356
1388.3533099290457        2976879.1616642224
1392.3550682035834        2968054.993080287
1396.3683610559376        2959255.244414816
1400.3932217331137        2950479.841157315
1404.4296835779473        2941728.708962961
1408.4777800293846        2933001.773678603
1412.5375446227554        2924298.961351586
1416.6090109900438        2915620.1981766685
1420.6922128601816        2906965.410557106
1424.7871840593193        2898334.5250657974
1428.8939585111036        2889727.4684644104
1433.0125702369628        2881144.1676856354
1437.1430533563898        2872584.549836042
1441.2854420872234        2864048.542224135
1445.439770745928         2855536.0723075424
1449.6060737478808        2847047.067737151
1453.7843856076622        2838581.456331994
1457.9747409393312        2830139.166075815
1462.1771744567184        2821720.1251617842
1466.3917209737153        2813324.261909522
1470.6184154045604        2804951.504843647
1474.857292764125         2796601.7826482817
1479.1083881682073        2788275.024172349
1483.3717368338255        2779971.1584508345
1487.6473740795032        2771690.11466352
1491.9353353255647        2763431.8221844095
1496.235656094433         2755196.2105344427
1500.5483720109185        2746983.20940544
1504.8735188025146        2738792.74867995
1509.2111322996932        2730624.7583522666
1513.5612484362073        2722479.1686276244
1517.9239032493854        2714355.9098641616
1522.2991328804203        2706254.912555496
1526.6869735746868        2698176.107389412
1531.0874616820304        2690119.425203158
1535.500633657068         2682084.796978078
1539.926526059492         2674072.153889451
1544.3651755543774        2666081.4272272163
1548.816618912481         2658112.5484732087
1553.2808930105448        2650165.4492370007
1557.758034831602         2642240.0613134233
1562.2480814652906        2634336.3166339286
1566.75107010815          2626454.1472717077
1571.2670380639343        2618593.485488818
1575.7960227439235        2610754.263666863
1580.3380616672318        2602936.414346164
1584.893192461114         2595139.870220143
1589.4614528612815        2587364.5641338
1594.042880712218         2579610.4290712844
1598.6375139674853        2571877.3981775427
1603.2453906900419        2564165.404739183
1607.86654905256          2556474.382175515
1612.5010273377416        2548804.2640704066
1617.1488639386293        2541154.984140179
1621.8100973589299        2533526.476239061
1626.4847662133348        2525918.6743852533
1631.1729092278397        2518331.5127102747
1635.8745652400532        2510764.9255049266
1640.5897731995387        2503218.8471792378
1645.318572168125         2495693.212322146
1650.0610013202286        2488187.955609025
1654.8170999431813        2480703.0118866838
1659.5869074375596        2473238.316130851
1664.370463317507         2465793.8034422793
1669.167807211058         2458369.409059383
1673.978978860471         2450965.068351871
1678.8040181225606        2443580.7168385475
1683.6429649690194        2436216.290137871
1688.4958594867533        2428871.724026903
1693.362741878217         2421546.95439137
1698.2436524617442        2414241.9172665025
1703.1386316718776        2406956.548785664
1708.047720059708         2399690.7852299456
1712.9709582932135        2392444.563003775
1717.9083871575895        2385217.8186233183
1722.860047555588         2378010.4887385042
1727.8259805078628        2370822.510116812
1732.806227153304         2363653.819654714
1737.8008287493763        2356504.3543553585
1742.8098266724642        2349374.051347245
1747.8332624182174        2342262.847877301
1752.8711776018943        2335170.681311437
1757.923613958693         2328097.4891303834
1762.990613344119         2321043.2089171805
1768.0722177343198        2314007.778396846
1773.1684692264296        2306991.1353766588
1778.2794100389228        2299993.2177895484
1783.4050825119673        2293013.963683772
1788.5455291077712        2286053.311206544
1793.7007924109307        2279111.1986146453
1798.8709151287874        2272187.5642848257
1804.0559400917866        2265282.3466856796
1809.255910253822         2258395.4843929755
1814.4708686925965        2251526.916094202
1819.7008586099826        2244676.5805690684
1824.9459233323773        2237844.4167100512
1830.2061063110568        2231030.3634987297
1835.4814511225402        2224234.360026776
1840.7720014689564        2217456.3454738455
1846.0778011783943        2210696.259128358
1851.3988942052722        2203954.0403609658
1856.7353246307055        2197229.628645675
1862.0871366628676        2190522.9635524335
1867.454374637353         2183833.984732186
1872.8370830175484        2177162.631935654
1878.235306395004         2170508.845001634
1883.649089489802         2163872.563855895
1889.0784771509132        2157253.728514313
1894.5235143565915        2150652.2790779443
1899.984246214733         2144068.155728794
1905.4607179632483        2137501.2987321727
1910.9529749704404        2130951.6484438097
1916.4610627353852        2124419.145294109
1921.9850268883038        2117903.7297883374
1927.5249131909366        2111405.3425226263
1933.0807675369272        2104923.9241588293
1938.6526359522077        2098459.4154324783
1944.2405645953681        2092011.7571641174
1949.8445997580454        2085580.8902406273
1955.4647878653102        2079166.7556212742
1961.1011754760475        2072769.2943321832
1966.753809283339         2066388.4474713795
1972.4227361148535        2060024.1562023764
1978.1080029332402        2053676.3617598885
1983.8096568365072        2047345.0054307943
1989.5277450584163        2041030.0285748213
1995.2623149688789        2034731.3726051555
2001.0134140743444        2028448.9790035153
2006.78109001819          2022182.7893045843
2012.5653905811187        2015932.7450982856
2018.3663636815597        2009698.7880282681
2024.1840573760633        2003480.859798254
2030.0185198596844        1997278.9021568533
2035.8697994664071        1991092.85690816
2041.7379446695295        1984922.6658971312
2047.6230040820647        1978768.271027864
2053.525026457146         1972629.6142358817
2059.444060688437         1966506.6375104724
2065.3801558105292        1960399.282877183
2071.3333609993483        1954307.4924016236
2077.303725572563         1948231.208188014
2083.2912989899996        1942170.3723851314
2089.2961308540407        1936124.9271619285
2095.318270910042         1930094.8147334014
2101.357769046747         1924079.9773342935
2107.4146752966985        1918080.3572396226
2113.489039836648         1912095.8967432855
2119.5809129879735        1906126.5381670413
2125.6903452171077        1900172.2238620517
2131.817387135937         1894232.8961839601
2137.9620895022326        1888308.4975315775
2144.1245032200713        1882398.9703027795
2150.3046793402564        1876504.256918549
2156.5026690607338        1870624.299813127
2162.71852372702          1864759.0414288682
2168.9522948326353        1858908.424223381
2175.2040340195244        1853072.3906535655
2181.473793078471         1847250.8831858137
2187.761623949552         1841443.8442881498
2194.0675787225537        1835651.2164324855
2200.3917096374           1829872.942080858
2206.73406908459          1824108.9637010621
2213.0947096056366        1818359.223749039
2219.473683893497         1812623.6646685605
2225.8710447930052        1806902.2289040799
2232.286845301314         1801194.8588707082
2238.72113856834          1795501.496981899
2245.173977897192         1789822.0856212315
2251.645416744618         1784156.56716196
2258.1355087214533        1778504.883943789
2264.6443075930597        1772866.9782852246
2271.1718672797665        1767242.7924785053
2277.718241857322         1761632.2687777334
2284.283485557348         1756035.3494092512
2290.867652767775         1750451.976558106
2297.4707980333           1744882.092368895
2304.0929760558447        1739325.6389500964
2310.734241695            1733782.5583552648
2317.39464996848          1728252.7925991851
2324.0742560525787        1722736.2836364298
2330.7731152826364        1717232.9733726438
2337.4912831534903        1711742.8036568784
2344.228815319923         1706265.716272866
2350.9857675971466        1700801.652940455
2357.7621959612547        1695350.555319993
2364.5581565496773        1689912.3649906395
2371.373705661655         1684487.0234681463
2378.20889975871          1679074.4721849444
2385.063795465105         1673674.652493601
2391.9384495683134        1668287.5056656327
2398.83291901949          1662912.972883444
2405.747260933951         1657550.995235592
2412.681532591635         1652201.5137229047
2419.6357914375817        1646864.4692396768
2426.6100950824143        1641539.8025820442
2433.6045013028115        1636227.454441435
2440.6190680419813        1630927.365395825
2447.653853410146         1625639.4759109912
2454.708915685031         1620363.726332582
2461.7843133123324        1615100.056888099
2468.880104906209         1609848.407674754
2475.9963492497727        1604608.7186614189
2483.13310529557          1599380.9296802506
2490.2904321660676        1594164.9804252281
2497.468389154143         1588960.81044324
2504.6670357235853        1583768.359136825
2511.886431509582         1578587.565753076
2519.126636319197         1573418.369382556
2526.3877101318953        1568260.7089488287
2533.669713100024         1563114.5232138287
2540.9727055493063        1557979.7507622836
2548.2967479793465        1552856.3299999314
2555.641901064137         1547744.1991551854
2563.0082256525557        1542643.2962626412
2570.3957827688646        1537553.5591620998
2577.804633613221         1532474.9255009866
2585.234839562191         1527407.3327150615
2592.6864621692453        1522350.7180325484
2600.159563165272         1517305.0184647923
2607.654204459099         1512270.1707978828
2615.170448137997         1507246.11157422
2622.7083564681916        1502232.7771766363
2630.2679918953813        1497230.1036300773
2637.8494170452673        1492238.0267925356
2645.4526947240515        1487256.4822437065
2653.077887918968         1482285.4053103512
2660.7250597988086        1477324.7310345566
2668.394273714442         1472374.3942215564
2676.0855931993333        1467434.3293461811
2683.799081970073         1462504.4706272923
2691.534803926914         1457584.7519792016
2699.292823154296         1452675.107009665
2707.0732039213576        1447775.4690196484
2714.8760106825025        1442885.7709882765
2722.701308077913         1438005.9455678025
2730.549160934083         1433135.9250763305
2738.4196342643613        1428275.6414865113
2746.3127932694956        1423425.0264200065
2754.2287033381663        1418584.0111393814
2762.1674300475224        1413752.5265337233
2770.1290391637326        1408930.5031163672
2778.113596642536         1404117.8710104055
2786.121168629772         1399314.5599423302
2794.1518214619387        1394520.4992332559
2802.205621666745         1389735.6177845062
2810.2826359636597        1384959.8440714823
2818.382931264455         1380193.1061314305
2826.5065746737687        1375435.3315572406
2834.653633489668         1370686.4474766783
2842.8241752041904        1365946.3805524108
2851.0182675039096        1361215.05696609
2859.2359782705053        1356492.402405747
2867.477375581316         1351778.3420543503
2875.7425277099           1347072.8005797027
2884.031503126606         1342375.7021204177
2892.344370499144         1337686.9702758505
2900.681198693156         1333006.528088908
2909.042056772761         1328334.2980376333
2917.427014001166         1323670.202016386
2925.836139841216         1319014.161328256
2934.2695039559703        1314366.0966669992
2942.727176209282         1309725.9281010395
2951.209226666384         1305093.575064945
2959.715725594465         1300468.9563377048
2968.246743463243         1295851.990030906
2976.802350945557         1291242.5935712927
2985.3826189179604        1286640.683686541
2993.987618461291         1282046.1763866658
3002.6174208612674        1277458.98694769
3011.2720976090886        1272879.0298927436
3019.9517204020162        1268306.2189804185
3028.656361143965         1263740.467172938
3037.3860919461044        1259181.686634634
3046.140985127464         1254629.7886985268
3054.9211132155156        1250084.6838602514
3063.7265489467813        1245546.2817391327
3072.557365267445         1241014.4910740617
3081.413635333949         1236489.2196972896
3090.295432513592         1231970.3745110035
3099.2028303851466        1227457.8614635486
3108.1359027394733        1222951.5855328003
3117.0947235801286        1218451.4506951263
3126.0793671239558        1213957.3599083307
3135.0899078017387        1209469.2150770943
3144.126420258796         1204986.917049348
3153.1889793555947        1200510.3655539686
3162.2776601683795        1196039.4592102792
3171.392537989798         1191574.095479872
3180.5336883295204        1187114.1706446912
3189.701186914858         1182659.5797789304
3198.895109691397         1178210.216715513
3208.115532823637         1173765.9740216935
3217.3625326956007        1169326.7429598034
3226.6361859114822        1164892.4134623888
3235.936569296281         1160462.8740953149
3245.263759896437         1156038.0120262317
3254.61783498046          1151617.712984556
3263.998872039577         1147201.86123327
3273.406948788383         1142790.339526123
3282.842143165467         1138383.0290721082
3292.3045333340656        1133979.8094967168
3301.7941976827187        1129580.558799731
3311.311214825911         1125185.1533176578
3320.855663604718         1120793.467678142
3330.427623087463         1116405.3747582233
3340.0271725703833        1112020.7456379007
3349.6543915782795        1107639.4495568099
3359.3093598651526        1103261.3538607147
3368.992157414906         1098886.3239622093
3378.702864441983         1094514.2232810105
3388.4415613920273        1090144.9131981786
3398.2083289425595        1085778.2529994901
3408.003248003648         1081414.0998215566
3417.826399718576         1077052.308595614
3427.6778654645045        1072692.7319880847
3437.557726853155         1068335.2203423951
3447.4660657314944        1063979.6216140103
3457.4029641823936        1059625.7813107984
3467.368504525317         1055273.542421195
3477.362769317011         1050922.745353385
3487.385841352184         1046573.2278599028
3497.43780366418          1042224.8249667633
3507.5187395256794        1037877.3689000016
3517.628732449394         1033530.6890087954
3527.767866188742         1029184.611685161
3537.936224738549         1024838.9602820384
3548.133892335753         1020493.5550296636
3558.360953460096         1016148.2129477017
3568.617492834813         1011802.7477552159
3578.903595427346         1007456.9697786627
3589.2193464500497        1003110.6858531514
3599.564831360899         998763.6992261437
3609.940135864167         994415.8094526313
3620.3453459111824        990066.8122897688
3630.780547701014         985716.4995875543
3641.245827681181         981364.6591752582
3651.741272548377         977011.074743138
3662.266969249197         972655.5257227811
3672.8230049808462        968297.7871605749
3683.4094671918606        963937.6295872075
3694.0264435828335        959574.8188850783
3704.6740221071577        955209.116147271
3715.3522909717276        950840.2775353157
3726.061338637685         946468.0541275147
3736.801253821156         942092.191766003
3747.572125493981         937712.4308987757
3758.374042884443         933328.5064076355
3769.207095478015         928940.1474426814
3780.0713730181124        924547.0772402013
3790.966965506812         920149.0129392224
3801.8939632056126        915745.6653887769
3812.852456636187         911336.7389498737
3823.8425365811263        906921.9312889987
3834.8642940846835        902500.933163114
3845.9178204535356        898073.4281978187
3857.0032072575464        893639.0926553363
3868.120546330525         889197.5951973443
3879.269929770954         884748.59663215
3890.4514499428046        880291.7496589172
3901.66519947627          875826.6985954947
3912.911271268532         871353.0791015179
3924.189758484536         866870.517884964
3935.5007545577723        862378.6324013792
3946.8443531910425        857877.0305374543
3958.2206483572263        853365.3102839026
3969.629734300069         848843.0593934255
3981.0717055349733        844309.8550285498
3992.54665684976          839765.2633855253
4004.0546833054636        835208.8393149159
4015.5958802371288        830640.125915366
4027.170343254591         826058.6541177038
4038.778168243262         821463.9422456063
4050.419451364931         816855.4955615602
4062.0942890585748        812232.8057909199
4073.8027780411303        807595.3506252342
4085.54501530831          802942.5932047425
4097.321098135413         798273.9815769368
4109.131124078122         793588.9481311656
4120.975190973304         788886.909008448
4132.853396939829         784167.263483777
4144.7658403793885        779429.3933195473
4156.712619977314         774672.6620909396
4168.693834703355         769896.4144790063
4180.709583812558         765099.9755300038
4192.759966846054         760282.6498810994
4204.8450836318825        755443.720948556
4216.965034285822         750582.4500772125
4229.119919212234         745698.0756481909
4241.309839104882         740789.812144687
4253.534894947757         735856.8491701885
4265.795188015925         730898.3504194977
4278.090819876381         725913.4525973758
4290.4218923888575        720901.2642831506
4302.788507706685         715860.8647375131
4315.19076827765          710791.3026494927
4327.62877684483          705691.5948160939
4340.10263644744          700560.7247555703
4352.6124504216905        695397.6412473674
4365.158322401661         690201.2567930989
4377.74035632013          684970.4459976371
4390.358656409448         679704.0438609576
4403.013327202412         674400.8439780695
4415.704473533126         669059.5966390492
4428.432200537849         663679.006824644
4441.1966136558885        658257.732089342
4453.997818630475         652794.3803250978
4466.835921509635         647287.5073962373
4479.711028647038         641735.6146405454
4492.623246702932         636137.1462221144
4505.572682644998         630490.4863315818
4518.559443749226         624793.9562181697
4531.583637600818         619045.8110462222
4544.645372095085         613244.2365585279
4557.744755438333         607387.3455385651
4570.881896148751         601473.1740536033
4584.05690305732          595499.6774616374
4597.269885308723         589464.726170259
4610.520952362227         583366.1011209465
4623.810213992603         577201.4889868922
4637.137780291043         570968.4770545864
4650.503761666063         564664.547771782
4663.908268844408         558287.0729300432
4677.351412871981         551833.3074580049
4690.833305114775         545300.3827914189
4704.354057259765         538685.2997855772
4717.913781315853         531984.921138268
4731.512589614803         525195.9632746343
4745.1505948121585        518314.9876559317
4758.827909888171         511338.39146148344
4772.544648148744         504262.3975900038
4786.30092322638          497083.04392089066
4800.09684908112          489796.17177403515
4813.932540001449         482397.4134941394
4827.808110605305         474882.1790812579
4841.7236758409945        467245.64178428275
4855.679350988136         459482.72255850816
4869.675251658631         451588.07328173216
4883.711493797625         443556.0586159516
4897.7881936844615        435380.736378732
4911.905467933636         427055.83628603927
4926.063433495771         418574.736900521
4940.2622076585985        409930.4406111659
4954.501908047905         401115.5464424374
4968.782652628518         392122.2204706224
4983.104559705293         382942.1635987939
4997.467747924085         373566.57640862995
5011.872336272725         363986.12078027887
5026.318444082006         354190.87792014715
5040.806191026696         344170.3024076047
5055.335697126495         333913.1718043833
5069.907082747044         323407.5313237505
5084.5204686009365        312640.632984249
5099.175975748702         301598.8685931648
5113.873725599802         290267.6958215608
5128.613839913648         278631.55652208265
5143.396440800618         266673.7863219886
5158.2216507230605        254376.51439014624
5173.089592496281         241720.5521024655
5188.000389289609         228685.26914697647
5202.954164627397         215248.45538733623
5217.951042390026         201386.16652956573
5232.991146814947         187072.5513385346
5248.074602497723         172279.65777899648
5263.201534393047         156977.21501398843
5278.37206781577          141132.38768450555
5293.586328441943         124709.49826419742
5308.8444423098845        107669.71255235604
5324.1465358211835        89970.68245092749
5339.492735741766         71566.13911515832
5354.88316920296          52405.42823753172
5370.317963702527         32432.97762880124
5385.797247105721         11587.685300869005
5401.3211476463475        10197.786141624216
5416.8897939278495        32997.82598398352
5432.503314924336         56894.82363310509
5448.161839981668         81980.27407316085
5463.86549881854          108356.07183353968
5479.614421527547         136136.03207570515
5495.408738576249         165447.68668856486
5511.248580808258         196434.4152232323
5527.134079444346         229257.98583032907
5543.06536608351          264101.6012466108
5559.042572704037         301173.57101958914
5575.065831664657         340711.7654604467
5591.135275705602         382989.0526276543
5607.251037949701         428319.9811525428
5623.413251903491         477069.0551567503
5639.622051458339         529661.0620782665
5655.877570891539         586594.0732330614
5672.179944867406         648455.9604160096
5688.529308438413         715945.5903607089
5704.925797046321         789900.3192721405
5721.369546523268         871332.0861363782
5737.860693092911         961475.4148242654
5754.399373371566         1061852.1757752588
5770.985724369332         1174360.3558635418
5787.619883491208         1301397.9037426263
5804.301988538248         1446038.959906503
5821.032177708716         1612290.2828201246
5837.810589599199         1805473.942404523
5854.637363205773         2032815.3041970453
5871.512637925163         2304377.3985108715
5888.43655355589          2634605.661062785
5905.409250299413         3045005.053823912
5922.430868761306         3569052.800989011
5939.5015499524325        4261876.975027529
5956.62143529011          5221135.155584544
5973.790666599235         6637827.1988717485
5991.0093861135365        8942832.957557041
6008.277736476708         1.3355856057106113E7
6025.5958607435805        2.5214010017125994E7
6042.963902381328         1.652993923224207E8
6060.38200527066          3.834560263538539E7
6077.850313707005         1.759564517498186E7
6095.368972401694         1.1586261094377173E7
6112.938126483169         8726149.601983987
6130.557921498208         7053181.95874575
6148.22850341309          5954913.213000246
6165.9500186148225        5178363.143075708
6183.7226139123695        4600034.685642861
6201.546436537854         4152469.789535176
6219.421634147764         3795702.0018037227
6237.348354824191         3504546.6188854
6255.326747076073         3262345.226232084
6273.356959840386         3057639.034938111
6291.4391424834           2882287.0155160134
6309.57344480193          2730346.1739050597
6327.760017024558         2597376.6337759728
6345.999009812872         2479994.6811880236
6364.290574262721         2375576.3408959135
6382.6348619054825        2282055.480088927
6401.032024709314         2197783.0463259136
6419.482215080359         2121426.880449354
6437.985585864098         2051899.0849200676
6456.542290346556         1988302.4930785506
6475.152482255579         1929890.625020493
6493.816315762113         1876037.325683439
6512.533945481495         1826213.4597273075
6531.305526474723         1779968.8210325597
6550.1312142497245        1736917.94450478
6569.011164762662         1696728.8722277982
6587.945534419239         1659114.1802998586
6606.9344800759645        1623823.7528431055
6625.978159041461         1590638.9187596964
6645.076729077792         1559367.6605496355
6664.230348401748         1529840.673242521
6683.439175686149         1501908.1025282561
6702.703370061166         1475436.829361881
6722.02309111567          1450308.197085289
6741.398498898499         1426416.099206011
6760.829753919819         1403665.3627432308
6780.317017152456         1381970.375219249
6799.860450033224         1361253.9134755912
6819.460214464241         1341446.140547488
6839.116472814293         1322483.7431161117
6858.829387920183         1304309.1870673588
6878.599123088082         1286870.0727348453
6898.425842094826         1270118.5745696812
6918.309709189362         1254010.9526314528
6938.250889094058         1238507.1253743519
6958.249547006057         1223570.2949487816
6978.305848598663         1209166.6176322827
6998.419960022731         1195264.9131708257
7018.592047908021         1181836.40779311
7038.822279364571         1168854.506392083
7059.110821984093         1156294.5901383238
7079.457843841381         1144133.8362267427
7099.863513495665         1132351.057006366
7120.327999992026         1120926.5561013906
7140.85147286281          1109841.9994652697
7161.43410212902          1099080.2995842695
7182.076058301709         1088625.5113013736
7202.777512383406         1078462.7379237125
7223.53863586956          1068578.0464290706
7244.359600749906         1058958.390794121
7265.240579509924         1049591.5425111032
7286.181745132274         1040466.0275511605
7307.183271098219         1031571.0690745348
7328.245331389045         1022896.5352767325
7349.368100487516         1014432.8918589286
7370.551753379339         1006171.1586441783
7391.796465554602         998102.8699151847
7413.102413009177         990220.0381188625
7434.469772246267         982515.1206077511
7455.898720277816         974980.9891157697
7477.389434625969         967610.9017213322
7498.942093324558         960398.4770570241
7520.556874920589         953337.6705655585
7542.2339584757065        946422.7526070937
7563.973523567667         939648.2882621716
7585.775750291836         933009.1186635245
7607.640819262703         926500.3437477474
7629.568911615335         920117.3062721626
7651.560209006901         913855.5770201542
7673.614893618185         907710.9410704128
7695.73314815509          901679.3850553444
7717.915155850127         895757.0853234242
7740.161100463954         889940.3969264439
7762.4711662869195        884225.8433751272
7784.845538140543         878610.1070962517
7807.284401379069         873090.0205332367
7829.787941891021         867662.5578453405
7852.356346100718         862324.827160092
7874.9898009698145        857074.0633330145
7897.688493998856         851907.6211754656
7920.45261322885          846822.969124077
7943.282347242822         841817.6833086436
7966.17788516731          836889.441997397
7989.13941667404          832036.020390511
8012.167131981434         827255.285734149
8035.261221856177         822545.1927371245
8058.421877614818         817903.7792655651
8081.649291125368         813329.1622982193
8104.943654808873         808819.534127396
8128.305161640995         804373.1587798841
8151.734005153622         799988.3686576872
8175.230379436502         795663.5613693319
8198.794479138794         791397.1967511757
8222.426499470712         787187.7940585875
8246.126636205156         783033.9293223256
8269.895085679318         778934.2328556264
8293.732044796288         774887.3869054338
8317.63771102671          770892.123437275
8341.612282410431         766947.2220484628
8365.655957558107         763051.507998412
8389.768935652859         759203.8503551686
8413.951416451948         755403.1602457812
8438.203600288409         751648.3892070662
8462.525688072697         747938.5276352837
8486.917881294366         744272.6033240313
8511.380382023759         740649.6800879639
8535.913392913666         737068.8564714588
8560.517117200949         733529.2645329974
8585.191758708328         730030.0687076284
8609.937521846008         726570.4647392777
8634.754611613364         723149.6786832812
8659.643233600653         719766.9659776784
8684.603593990747         716421.6105776159
8709.635899560806         713112.9241527753
8734.740357683986         709840.2453488752
8759.91717633117          706602.9391074106
8785.166564072719         703400.3960461403
8810.488730080147         700232.031898174
8835.883884127874         697097.2870088794
8861.352236594994         693995.6258938935
8886.893998466987         690926.536853238
8912.509381337459         687889.5316462142
8938.198597409906         684884.1452281057
8963.961859499503         681909.9355465163
8989.799381034809         678966.4834044666
9015.711376059571         676053.3923878178
9041.6980592345           673170.288863166
9067.759645839049         670316.822048087
9093.896351773164         667492.6641578884
9120.108393559096         664697.5106347775
9146.395988343218         661931.0804645033
9172.759353897804         659193.1165845232
9199.198708622776         656483.3863979743
9225.71427154763          653801.6823929532
9252.306262333164         651147.8228854749
9278.974901273317         648521.6528924686
9305.72040929699          645923.0451506086
9332.543007969905         643351.9012958029
9359.442919496421         640808.1532199897
9386.420366721355         638291.7646286812
9413.475573131846         635802.7328176165
9440.608762859236         633341.0907030852
9467.820160680869         630906.9091300464
9495.109992021982         628500.2995014497
9522.478482957596         626121.416766724
9549.92586021436          623770.4628215957
9577.452351172416         621447.690379288
9605.058183867304         619153.4073775479
9632.743586991879         616887.982006724
9660.50878989814          614651.8484513251
9688.354022599171         612445.5134589097
9716.279515771057         610269.5638711316
9744.28550075478          608124.6752753354
9772.372209558112         606011.6219705188
9800.53987485756          603931.2884753182
9828.788730000315         601884.6828585588
9857.11900900617          599872.9522281364
9885.53094656939          597897.4007902825
9914.024778060782         595959.5109804821
9942.600739529567         594060.9682883124
9971.25906770533          592203.6905411584
10000                     590389.8626019218
