% Model:              AC -220722 - Compressor.mph
% Version:            COMSOL 6.0.0.405
% Date:               Jul 22 2022, 20:34
% Dimension:          1
% Nodes:              1601
% Expressions:        1
% Description:        Global
% freq (Hz)               2DX, |Z<sub>ac</sub>|
100                       44689.222319355504
100.28823774509846        44818.252301901666
100.57730630017382        44947.656096983796
100.8672080599342         45077.43479849288
101.15794542598982        45207.58950380579
101.44952080687364        45338.12131346827
101.74193661806045        45469.031331356084
102.03519528198785        45600.32066467727
102.32929922807536        45731.990424055424
102.62425089274542        45864.04172329034
102.92005271944286        45996.475679814284
103.21670715865542        46129.29341414554
103.5142166679344         46262.49605037856
103.8125837119143         46396.08471598283
104.11181076233397        46530.06054163319
104.41190029805638        46664.4246618346
104.71285480508996        46799.1782140495
105.01467677660837        46934.322339495586
105.3173687129716         47069.858182722266
105.6209331217469         47205.78689181973
105.92537251772886        47342.10961817925
106.2306894229611         47478.82751691548
106.53688636675629        47615.94174645646
106.84396588571794        47753.453468750486
107.1519305237606         47891.36384948984
107.46078283213176        48029.67405759705
107.77052536943224        48168.385265651166
108.08116070163774        48307.498649808294
108.39269140212039        48447.01538992399
108.70512005166928        48586.936669124625
109.01844923851279        48727.26367440014
109.33268155833908        48867.99759622334
109.64781961431851        49009.13962861937
109.96386601712433        49150.69096944466
110.28082338495518        49292.6528199729
110.59869434355599        49435.02638527819
110.9174815262401         49577.81287401274
111.23718757391133        49721.0134985551
111.55781513508519        49864.629474908346
111.87936686591168        50008.662022911834
112.2018454301963         50153.112365884954
112.52525349942316        50297.98173112436
112.84959375277622        50443.271349521776
113.17486887716188        50588.98245574225
113.50108156723155        50735.11628816635
113.82823452540319        50881.67408911815
114.1563304618846         51028.657104426
114.48537209469495        51176.06658400888
114.81536214968828        51323.90378143458
115.14630336057506        51472.16995413427
115.47819846894582        51620.86636334984
115.81105022429303        51769.99427426521
116.14486138403426        51919.55495580353
116.47963471353533        52069.54968083418
116.81537298613243        52219.979726118014
117.15207898315602        52370.84637233493
117.48975549395291        52522.15090403879
117.82840531591037        52673.89460975859
118.16803125447831        52826.078781972385
118.50863612319345        52978.70471687977
118.85022274370189        53131.77371512237
119.19279394578271        53285.28708092952
119.53635256737189        53439.24612260584
119.8809014545849         53593.65215263593
120.22644346174131        53748.50648736822
120.57298145138739        53903.81044717358
120.92051829432084        54059.565356630155
121.26905686961376        54215.77254412648
121.6186000646368         54372.43334252689
121.96915077508342        54529.549088299194
122.32071190499313        54687.12112249681
122.67328636677647        54845.15078996026
123.02687708123811        55003.63943975267
123.38148697760212        55162.58842510696
123.73711899353519        55321.99910349642
124.09377607517196        55481.87283645323
124.45146117713857        55642.2109897583
124.81017726257751        55803.01493337108
125.16992730317256        55964.2860415141
125.53071427917247        56126.02569261863
125.89254117941675        56288.2352693374
126.25541100135932        56450.916158710555
126.61932675109443        56614.06975192637
126.9842914433805         56777.69744450832
127.35030810166616        56941.80063626521
127.71737975811435        57106.3807314897
128.08550945362785        57271.43913850634
128.45470023787485        57436.97727030397
128.82495516931337        57602.99654407585
129.1962773152175         57769.498381482605
129.5686697517019         57936.48420839906
129.94213556374828        58103.9554555381
130.31667784523           58271.91355743779
130.69229969893817        58440.3599536168
131.06900423660773        58609.29608777897
131.4467945789422         58778.723408214275
131.82567385564073        58948.64336767825
132.20564520542297        59119.057423377344
132.58671177605595        59289.96703713858
132.9688767243793         59461.373675314746
133.3521432163324         59633.27880866729
133.73651442697962        59805.683912706816
134.1219935405371         59978.59046756841
134.50858375039945        60151.99995787119
134.89628825916532        60325.91387278319
135.28511027866506        60500.33370633684
135.67505302998612        60675.26095699337
136.06611974350088        60850.69712799878
136.4583136588924         61026.643727404014
136.85163802518215        61203.10226766808
137.24609610075626        61380.07426634461
137.6416911533926         61557.561245307865
138.03842646028852        61735.564731473176
138.4363053080869         61914.0862564765
138.83533099290457        62093.12735672461
139.23550682035835        62272.68957346305
139.63683610559377        62452.77445260923
140.03932217331138        62633.38354506178
140.44296835779474        62814.5184066902
140.84777800293858        62996.180597843646
141.2537544622754         63178.37168425024
141.66090109900438        63361.09323622121
142.06922128601818        63544.34682901475
142.47871840593191        63728.134042976686
142.8893958511102         63912.456463466755
143.30125702369628        64097.315680452615
143.71430533563912        64282.71328928191
144.12854420872233        64468.65089024478
144.5439770745928         64655.13008847042
144.96060737478808        64842.15249440987
145.37843856076623        65029.71972346604
145.79747409393298        65217.833395997266
146.21771744567184        65406.49513772643
146.63917209737153        65595.7065791901
147.06184154045604        65785.46935644043
147.4857292764125         65975.78511037538
147.91083881682073        66166.6554873275
148.33717368338253        66358.08213854666
148.76473740795015        66550.06672083559
149.19353353255647        66742.61089597823
149.6235656094433         66935.71633109948
150.05483720109186        67129.38469868399
150.48735188025145        67323.61767636542
150.9211132299693         67518.41694709807
151.35612484362088        67713.78419949487
151.79239032493837        67909.72112705106
152.22991328804204        68106.22942887971
152.66869735746866        68303.3108095412
153.10874616820303        68500.9669788969
153.55006336570662        68699.19965237494
153.9926526059492         68898.0105506925
154.4365175554379         69097.4014000488
154.88166189124811        69297.37393245667
155.32808930105446        69497.9298849515
155.7758034831602         69699.07100051554
156.22480814652906        69900.79902745452
156.67510701081486        70103.11571979464
157.12670380639344        70306.02283706603
157.57960227439236        70509.52214441696
158.03380616672317        70713.61541265828
158.48931924611142        70918.30441839002
158.94614528612814        71123.59094370711
159.4042880712218         71329.4767765031
159.86375139674837        71535.96371037624
160.32453906900417        71743.0535446716
160.786654905256          71950.74808452628
161.25010273377416        72159.04914079452
161.71488639386294        72367.95853039417
162.18100973589299        72577.47807561702
162.64847662133363        72787.60960505206
163.1172909227838         72998.3549529299
163.58745652400532        73209.71595956007
164.05897731995387        73421.69447094455
164.5318572168125         73634.29233919167
165.00610013202268        73847.51142247654
165.48170999431815        74061.35358463462
165.95869074375614        74275.82069579404
166.4370463317507         74490.91463207504
166.91678072110582        74706.63727556923
167.3978978860471         74922.99051462558
167.88040181225605        75139.97624348517
168.36429649690177        75357.59636274049
168.84958594867533        75575.85277883244
169.33627418782172        75794.74740469917
169.82436524617444        76014.28215928451
170.31386316718778        76234.4589679377
170.8047720059708         76455.27976210983
171.29709582932136        76676.74647950122
171.79083871575875        76898.86106420186
172.2860047555588         77121.62546661618
172.78259805078628        77345.04164359851
173.2806227153304         77569.11155797479
173.78008287493762        77793.8371794244
174.2809826672464         78019.22048386633
174.78332624182192        78245.26345370496
175.28711776018926        78471.96807770035
175.7923613958693         78699.33635129819
176.2990613344119         78927.3702762517
176.80722177343196        79156.07186116997
177.31684692264275        79385.44312091969
177.82794100389228        79615.48607701845
178.34050825119692        79846.20275783168
178.85455291077713        80077.59519817625
179.37007924109307        80309.66543959887
179.88709151287873        80542.41553038084
180.40559400917866        80775.84752553933
180.92559102538203        81009.96348679387
181.44708686925964        81244.76548267697
181.97008586099827        81480.25558851619
182.49459233323773        81716.43588663195
183.02061063110568        81953.30846596471
183.54814511225402        82190.87542235159
184.07720014689562        82429.13885901407
184.60778011783924        82668.10088548381
185.13988942052723        82907.76361875518
185.67353246307053        83148.12918240826
186.20871366628674        83389.19970747826
186.7454374637353         83630.97733180292
187.28370830175484        83873.46420042745
187.8235306395006         84116.66246545226
188.36490894898           84360.57428607398
188.90784771509132        84605.20182880762
189.45235143565915        84850.547267329
189.9984246214733         85096.61278241029
190.54607179632484        85343.40056239744
191.09529749704404        85590.91280251149
191.64610627353872        85839.1517057083
192.1985026888304         86088.11948204484
192.75249131909365        86337.8183489089
193.30807675369272        86588.2505314208
193.86526359522077        86839.4182618836
194.42405645953662        87091.32378017176
194.98445997580455        87343.96933345126
195.54647878653103        87597.35717689866
196.11011754760474        87851.48957279437
196.6753809283339         88106.36879117989
197.24227361148533        88361.9971097854
197.81080029332404        88618.37681401761
198.38096568365052        88875.51019691548
198.95277450584163        89133.39955930118
199.52623149688787        89392.04720944219
200.10134140743443        89651.45546397976
200.678109001819          89911.6266468646
201.25653905811188        90172.56309027823
201.83663636815618        90434.26713391714
202.41840573760612        90696.74112571601
203.00185198596844        90959.9874215261
203.5869799466407         91224.00838485207
204.17379446695296        91488.80638778894
204.76230040820647        91754.38380974864
205.3525026457146         92020.7430391569
205.94440606884388        92287.88647184374
206.53801558105292        92555.81651202009
207.13333609993484        92824.53557199945
207.7303725572563         93094.04607260924
208.32912989899995        93364.35044272804
208.92961308540387        93635.45111948211
209.53182709100417        93907.35054840312
210.13577690467469        94180.05118344788
210.74146752966985        94453.55548681258
211.34890398366477        94727.86592936475
211.95809129879737        95002.9849904004
212.56903452171076        95278.91515760172
213.1817387135935         95555.65892714138
213.79620895022325        95833.21880403599
214.41245032200715        96111.5973018263
215.03046793402564        96390.7969426512
215.65026690607334        96670.82025730553
216.271852372702          96951.66978557543
216.89522948326376        97233.3480757115
217.52040340195222        97515.85768495723
218.14737930784707        97799.201179304
218.77616239495518        98083.38113387527
219.40675787225535        98368.40013230617
220.03917096373996        98654.2607677261
220.673406908459          98940.96564179639
221.30947096056389        99228.51736545513
221.94736838934972        99516.91855873396
222.58710447930054        99806.17185081755
223.2286845301314         100096.27987992651
223.872113856834          100387.24529343795
224.51739778971898        100679.07074832116
225.1645416744618         100971.75891049734
225.81355087214533        101265.31245538917
226.46443075930597        101559.73406780753
227.11718672797664        101855.02644175541
227.77182418573219        102151.19228094158
228.42834855573477        102448.23429858447
229.08676527677724        102746.15521729401
229.74707980333002        103044.95776913197
230.40929760558447        103344.6446962596
231.07342416950002        103645.2187501352
231.73946499684797        103946.68269214066
232.40742560525788        104249.03929305308
233.07731152826386        104552.29133389035
233.7491283153488         104856.44160528638
234.42288153199226        105161.49290782602
235.0985767597147         105467.448052024
235.77621959612546        105774.3098584036
236.45581565496772        106082.08115744233
237.13737056616552        106390.76478989753
237.8208899758712         106700.36360632906
238.50637954651052        107010.8804676451
239.19384495683136        107322.31824510299
239.88329190194898        107634.6798198308
240.57472609339513        107947.96808374222
241.26815325916328        108262.18593871988
241.96357914375818        108577.33629727595
242.66100950824142        108893.42208226594
243.36045013028115        109210.44622709385
244.06190680419814        109528.4116759799
244.76538534101462        109847.32138293526
245.4708915685031         110167.17831346946
246.17843133123299        110487.98544330108
246.8880104906209         110809.74575947507
247.59963492497727        111132.46225891278
248.31331052955704        111456.13795023109
249.02904321660677        111780.77585242181
249.74683891541434        112106.37899573163
250.4667035723588         112432.95042132727
251.18864315095797        112760.49318131249
251.91266363191968        113089.01033915342
252.63877101318954        113418.50496907988
253.36697131000244        113748.98015703024
254.09727055493065        114080.43899967395
254.82967479793464        114412.8846054174
255.56419010641395        114746.32009400423
256.30082256525554        115080.74859635944
257.03957827688646        115416.1732550369
257.78046336132206        115752.5972242697
258.52348395621914        116090.02366962518
259.26864621692425        116428.45576850064
260.0159563165272         116767.89670988417
260.7654204459099         117108.34969457478
261.5170448137997         117449.81793530373
262.27083564681914        117792.3046564057
263.02679918953817        118135.8130946536
263.7849417045267         118480.34649821097
264.54526947240487        118825.90812756807
265.30778879189677        119172.50125546573
266.0725059798809         119520.12916660972
266.83942737144423        119868.79515780168
267.6085593199333         120218.50253866777
268.3799081970073         120569.25463088942
269.1534803926917         120921.05476817851
269.9292823154293         121273.90629718197
270.7073203921358         121627.81257709938
271.4876010682502         121982.7769795341
272.27013080779125        122338.8028888038
273.0549160934083         122695.89370187829
273.8419634264361         123054.05282865535
274.6312793269498         123413.28369186191
275.4228703338166         123773.58972687507
276.21674300475223        124134.9743824483
277.01290391637326        124497.44112031035
277.8113596642536         124860.993414889
278.61211686297696        125225.63475424776
279.41518214619384        125591.368639479
280.22056216667454        125958.1985852139
281.028263596366          126326.12811892322
281.8382931264455         126695.16078208947
282.65065746737685        127065.30012957416
283.4653633489668         127436.5497296015
284.28241752041873        127808.91316420733
285.10182675039096        128182.39402909628
285.9235978270505         128556.9959339692
286.74773755813163        128932.72250200038
287.57425277099003        129309.57737058857
288.40315031266056        129687.5641909354
289.23443704991473        130066.68662880627
290.0681198693153         130446.94836332573
290.90420567727614        130828.35308855599
291.7427014001166         131210.90451231008
292.5836139841216         131594.60635705895
293.42695039559703        131979.4623598612
294.2727176209282         132365.47627209823
295.1209226666387         132752.65185960062
295.9715725594465         133140.99290298784
296.8246743463243         133530.50319794432
297.68023509455566        133921.18655460462
298.538261891796          134313.04679793818
299.39876184612876        134706.08776833033
300.26174208612673        135100.3133208643
301.12720976090884        135495.7273257651
301.9951720402016         135892.33366875027
302.8656361143965         136290.1362505802
303.73860919461043        136689.13898763145
304.6140985127464         137089.34581133825
305.49211132155125        137490.76066935423
306.37265489467813        137893.38752414833
307.25573652674456        138297.23035459168
308.1413635333949         138702.2931549726
309.0295432513592         139108.57993559976
309.9202830385147         139516.09472289003
310.8135902739477         139924.84155902482
311.70947235801253        140334.8245023454
312.6079367123956         140746.04762769415
313.50899078017386        141158.5150261481
314.4126420258796         141572.2308049033
315.3188979355595         141987.19908821696
316.22776601683796        142403.42401602797
317.1392537989798         142820.90974616
318.05336883295206        143239.66045219055
318.9701186914858         143659.68032479592
319.88951096913974        144080.9735721774
320.81155328236366        144503.54441884113
321.7362532695601         144927.39710681917
322.66361859114824        145352.53589545618
323.5936569296281         145778.9650607684
324.5263759896437         146206.6888972788
325.46178349804603        146635.71171616085
326.3998872039577         147066.03784673603
327.3406948788383         147497.6716354212
328.28421431654635        147930.61744728824
329.23045333340656        148364.87966438712
330.1794197682719         148800.46268770905
331.1311214825911         149237.37093602784
332.0855663604718         149675.60884598448
333.0427623087463         150115.18087281138
334.0027172570387         150556.09149022616
334.9654391578276         150998.3451903679
335.9309359865153         151441.9464843703
336.8992157414906         151886.89990159147
337.87028644419826        152333.20999048257
338.84415613920277        152780.88131857305
339.82083289425594        153229.9184722212
340.8003248003648         153680.3260571168
341.7826399718576         154132.1086981032
342.76778654645045        154585.27103956425
343.7557726853155         155039.81774526928
344.74660657314945        155495.75349873482
345.7402964182394         155953.08300332006
346.73685045253166        156411.81098199447
347.7362769317011         156871.942177477
348.7385841352184         157333.48135329766
349.74378036641804        157796.43329248126
350.75187395256796        158260.80279862438
351.76287324493944        158726.59469590028
352.7767866188738         159193.81382892618
353.7936224738549         159662.46506270085
354.8133892335753         160132.55328344225
355.8360953460096         160604.08339816792
356.86174928348134        161077.0603350368
357.8903595427346         161551.48904302935
358.92193464500536        162027.37449272635
359.9564831360895         162504.721676092
360.9940135864167         162983.53560639024
362.03453459111824        163463.82131875228
363.0780547701014         163945.58387041406
364.1245827681181         164428.82833990912
365.1741272548377         164913.55982823556
366.2266969249197         165399.7834587126
367.2823004980846         165887.50437645437
368.34094671918604        166376.72774982764
369.4026443582834         166867.45876883296
370.46740221071576        167359.70264695995
371.53522909717276        167853.46462051786
372.6061338637685         168348.74994847082
373.6801253821156         168845.56391330773
374.7572125493981         169343.91182018994
375.8374042884443         169843.79899860098
376.92070954780155        170345.23080092334
378.0071373018112         170848.21260360285
379.0966965506808         171352.74980679498
380.1893963205613         171858.8478350091
381.2852456636187         172366.5121360332
382.38425365811264        172875.74818327933
383.4864294084684         173386.56147338045
384.5917820453535         173898.95752841022
385.70032072575503        174412.94189462755
386.81205463305207        174928.52014388752
387.92699297709544        175445.69787271915
389.04514499428046        175964.48070266127
390.166519947627          176484.8742810588
391.2911271268532         177006.88428064252
392.4189758484536         177530.51640003265
393.55007545577723        178055.77636327152
394.68443531910424        178582.66992103416
395.82206483572264        179111.20284978498
396.96297343000685        179641.38095221465
398.1071705534973         180173.21005818056
399.25466568497603        180706.69602374884
400.4054683305464         181241.84473170646
401.5595880237129         181778.66209236675
402.71703432545905        182317.1540432939
403.87781682432615        182857.32654868613
405.0419451364931         183399.1856011423
406.20942890585746        183942.73722051628
407.3802778041126         184487.98745502744
408.55450153083103        185034.9423805956
409.73210981354134        185583.6081012956
410.9131124078122         186133.99075025186
412.0975190973304         186686.09648867304
413.28533969398285        187239.93150707879
414.4765840379393         187795.5020245256
415.67126199773094        188352.81428945667
416.8693834703355         188911.87458021712
418.0709583812558         189472.68920402406
419.2759966846055         190035.26449829515
420.4845083631883         190599.6068302752
421.6965034285823         191165.72259733806
422.91199192122343        191733.61822760556
424.1309839104881         192303.3001793767
425.35348949477566        192874.77494216393
426.57951880159254        193448.04903558738
427.80908198763814        194023.12901165272
429.0421892388857         194600.02145292368
430.2788507706685         195178.73297361983
431.519076827765          195759.27022057545
432.76287768448304        196341.63987188876
434.010263644744          196925.84863776158
435.26124504216904        197511.90326170134
436.5158322401661         198099.81051923844
437.7740356320125         198689.5772185714
439.03586564094473        199281.21020219848
440.30133272024125        199874.7163444608
441.57044735331255        200470.1025546311
442.8432200537849         201067.3757749315
444.1196613655889         201666.54298184134
445.39978186304796        202267.61118638844
446.683592150963          202870.5874337343
447.97110286470377        203475.47880399183
449.26232467029325        204082.2924118067
450.5572682644998         204691.0354078157
451.8559443749226         205301.71497766417
453.1583637600818         205914.33834265737
454.4645372095085         206528.91276038875
455.7744755438333         207145.44552402667
457.0881896148752         207763.94396377626
458.405690305732          208384.4154462859
459.7269885308723         209006.86737518743
461.0520952362227         209631.30719172736
462.38102139926036        210257.74237396853
463.71377802910433        210886.18043794905
465.05037616660627        211516.62893807798
466.3908268844408         212149.09546626307
467.73514128719813        212783.58765377075
469.0833305114774         213420.11317031033
470.435405725976          214058.67972481012
471.79137813158536        214699.29506538314
473.15125896148027        215341.96697994508
474.5150594812158         215986.70329561218
475.8827909888171         216633.51188130173
477.2544648148744         217282.40064469285
478.6300923226385         217933.37753546654
480.00968490811147        218586.4505440033
481.39325400014485        219241.62770155392
482.7808110605305         219898.91708190885
484.1723675840994         220558.32680026093
485.5679350988136         221219.86501441122
486.9675251658631         221883.53992379288
488.37114937976247        222549.3597720113
489.77881936844614        223217.33284539662
491.1905467933636         223887.4674735171
492.6063433495771         224559.77202993972
494.0262207658599         225234.25493244227
495.45019080479057        225910.92464332905
496.87826526285176        226589.78966918518
498.3104559705293         227270.8585626608
499.7467747924086         227954.13992103442
501.18723362727246        228639.64238736534
502.63184440820055        229327.37465165355
504.0806191026696         230017.34544956023
505.53356971264895        230709.5635631586
506.99070827470445        231404.0378235146
508.4520468600936         232100.77710713272
509.9175975748702         232799.79033995038
511.3873725599802         233501.08649504682
512.8613839913648         234204.67459420278
514.3396440800623         234910.56370863784
515.8221650723056         235618.76295900292
517.3089592496281         236329.2815145879
518.8000389289609         237042.12859564708
520.2954164627397         237757.31347277094
521.7951042390025         238474.84546741593
523.2991146814946         239194.7339513589
524.8074602497722         239916.98834870165
526.3201534393047         240641.61813590108
527.8372067815769         241368.63284100333
529.3586328441943         242098.04204485327
530.8844442309885         242829.8553824379
532.4146535821184         243564.08254073633
533.9492735741767         244300.73326216397
535.4883169202959         245039.8173426701
537.0317963702527         245781.34463365795
538.5797247105721         246525.32504080626
540.1321147646348         247271.7685268336
541.688979392785          248020.68510917548
543.250331492433          248772.08486255928
544.8161839981667         249525.97791855282
546.386549881854          250282.37446606596
547.9614421527547         251041.28475234285
549.5408738576248         251802.7190819445
551.1248580808259         252566.6878190515
552.7134079444351         253333.2013866847
554.3065366083505         254102.27026770276
555.9042572704037         254873.90500544643
557.5065831664657         255648.11620291215
559.1135275705602         256424.91452499066
560.72510379497           257204.31069877394
562.341325190349          257986.31551163387
563.962205145834          258770.9398152173
565.5877570891539         259558.19452337484
567.2179944867406         260348.09061358756
568.8529308438414         261140.6391281011
570.4925797046321         261935.8511729838
572.1369546523267         262733.73791967443
573.7860693092911         263534.31060521863
575.4399373371566         264337.58053296834
577.0985724369333         265143.55907292396
578.7619883491209         265952.2576622854
580.4301988538248         266763.68780605565
582.1032177708715         267577.8610771524
583.7810589599193         268394.7891186877
585.4637363205773         269214.4836413259
587.1512637925164         270036.95642739785
588.843655355589          270862.219328909
590.5409250299413         271690.2842688365
592.2430868761305         272521.1632429513
593.9501549952438         273354.8683185185
595.6621435290103         274191.4116357576
597.3790666599235         275030.80540902575
599.1009386113537         275873.0619256196
600.8277736476707         276718.19354897423
602.5595860743581         277566.2127169414
604.2963902381329         278417.1319438137
606.038200527066          279270.9638203923
607.7850313707005         280127.7210142877
609.5368972401693         280987.4162720643
611.2938126483169         281850.0624175507
613.0557921498208         282715.67235479446
614.8228503413089         283584.2590673477
616.5950018614822         284455.83561921876
618.372261391237          285330.41515552544
620.1546436537853         286208.0109040062
621.9421634147765         287088.63617390854
623.7348354824192         287972.3043586454
625.5326747076073         288859.0289358843
627.3356959840379         289748.823466552
629.14391424834           290641.7015985278
630.957344480193          291537.6770651772
632.7760017024558         292436.76368674816
634.5999009812872         293338.9753716691
636.429057426272          294244.32611608895
638.263486190549          295152.83000546094
640.1032024709307         296064.5012159126
641.948221508036          296979.35401281307
643.7985585864097         297897.4027548196
645.6542290346556         298818.6618912537
647.5152482255579         299743.14596523414
649.3816315762114         300670.8696144993
651.2533945481495         301601.84757002955
653.1305526474723         302536.0946592802
655.0131214249725         303473.62580572366
656.9011164762662         304414.4560307697
658.794553441924          305358.6004524573
660.6934480075964         306306.07428926777
662.5978159041462         307256.8928582111
664.5076729077792         308211.0715782
666.4230348401749         309168.62596898933
668.3439175686149         310129.57165231655
670.2703370061167         311093.9243547707
672.2023091115669         312061.69990563864
674.1398498898492         313032.914240541
676.0829753919819         314007.58340085496
678.0317017152456         314985.72353491065
679.9860450033224         315967.35089937237
681.9460214464241         316952.4818600185
683.9116472814293         317941.13289204956
685.882938792019          318933.3205827463
687.8599123088075         319929.0616301613
689.8425842094827         320928.37284669845
691.8309709189363         321931.2711571764
693.8250889094057         322937.7736032216
695.8249547006056         323947.89734108385
697.8305848598663         324961.65964611055
699.841996002273          325979.0779090218
701.8592047908021         327000.1696428447
703.8822279364571         328024.9524794563
705.9110821984092         329053.4441722057
707.945784384138          330085.66259792366
709.9863513495665         331121.62575618684
712.0327999992026         332161.35177233594
714.085147286281          333204.85889769933
716.143410212902          334252.1655105016
718.2076058301709         335303.29011752235
720.2777512383407         336358.25135548465
722.353863586956          337417.06799133937
724.4359600749899         338479.75892481254
726.5240579509924         339546.34318796056
728.6181745132274         340616.83994837437
730.7183271098219         341691.26850868826
732.8245331389045         342769.6483093106
734.9368100487516         343851.99892836314
737.0551753379347         344938.34008419735
739.1796465554595         346028.6916353636
741.3102413009177         347123.07358431583
743.4469772246266         348221.506074764
745.5898720277816         349324.00939840457
747.7389434625969         350430.60399061686
749.8942093324558         351541.3104361418
752.0556874920588         352656.1494687741
754.2233958475707         353775.1419732672
756.3973523567668         354898.3089852939
758.5775750291835         356025.67169527366
760.7640819262703         357157.2514485746
762.9568911615336         358293.06974713196
765.1560209006901         359433.1482504368
767.3614893618186         360577.5087778326
769.573314815509          361726.1733101782
771.7915155850127         362879.16399066005
774.0161100463954         364036.50312747207
776.247116628692          365198.2131937154
778.4845538140535         366364.31683059904
780.728440137907          367534.83684882463
782.978794189102          368709.7962299311
785.2356346100718         369889.21812752035
787.4989800969814         371073.1258697276
789.7688493998855         372261.5429605394
792.0452613228858         373454.4930821834
794.3282347242813         374652.00009603956
796.617788516731          375854.08804406517
798.9139416674041         377060.78115287976
801.2167131981433         378272.10383307823
803.5261221856177         379488.0806814318
805.8421877614818         380708.73648493766
808.1649291125368         381934.09621936106
810.4943654808874         383164.18505453324
812.8305161640995         384399.02835385525
815.1734005153622         385638.65167688776
817.5230379436501         386883.0807821985
819.8794479138794         388132.34162793326
822.2426499470712         389386.46037631034
824.6126636205156         390645.4633920014
826.9895085679318         391909.37724715885
829.3732044796288         393178.228722761
831.7637711026708         394452.0448107872
834.1612282410431         395730.8527153616
836.5655957558099         397014.67985652125
838.9768935652859         398303.55387147784
841.3951416451947         399597.5026175839
843.8203600288408         400896.55417237076
846.2525688072697         402200.7368398397
848.6917881294366         403510.07914938254
851.1380382023768         404824.60986009776
853.5913392913657         406144.3579611207
856.0517117200949         407469.3526770071
858.5191758708328         408799.62346640835
860.9937521846008         410135.2000285234
863.4754611613363         411476.11230286234
865.9643233600654         412822.39047338587
868.4603593990746         414174.0649689149
870.9635899560806         415531.16646872065
873.4740357683985         416893.72590282577
875.991717633117          418261.7744561543
878.516656407272          419635.3435699192
881.0488730080147         421014.46494477126
883.5883884127875         422399.1705453252
886.1352236594994         423789.4926002129
888.6893998466987         425185.4636056717
891.2509381337459         426587.11633120483
893.8198597409905         427994.4838184015
896.3961859499502         429407.5993864075
898.97993810348           430826.49663425586
901.571137605957          432251.20944377495
904.1698059234501         433681.77198334486
906.775964583905          435118.2187100487
909.3896351773163         436560.5843740266
912.0108393559096         438008.90402042196
914.6395988343227         439463.2129925369
917.2759353897794         440923.5469364923
919.9198708622777         442389.9418048585
922.5714271547629         443862.43385768466
925.2306262333165         445341.05966730055
927.8974901273317         446825.85612199886
930.572040929699          448316.86042906
933.2543007969905         449814.1101191255
935.9442919496422         451317.64304914046
938.6420366721355         452827.49740544904
941.3475573131847         454343.7117077112
944.0608762859235         455866.32481527916
946.7820160680869         457395.3759261239
949.5109992021983         458930.9045857425
952.2478482957596         460472.9506872114
954.992586021436          462021.55447556544
957.7452351172416         463576.7565562141
960.5058183867304         465138.5978931962
963.2743586991879         466707.1198159661
966.0508789898131         468282.36402400903
968.8354022599171         469864.372590135
971.6279515771058         471453.18796550494
974.428550075478          473048.8529828788
977.2372209558112         474651.4108623217
980.053987485756          476260.90521487495
982.8788730000325         477877.380047902
985.711900900616          479500.87976751645
988.553094656939          481131.4491865816
991.4024778060783         482769.13352722384
994.2600739529568         484413.97842553706
997.1259067705331         486066.02993739105
1000                      487725.3345434318
1002.8823774509835        489391.9391532109
1005.7730630017381        491065.89110970485
1008.672080599342         492747.2381973079
1011.5794542598983        494436.02864516596
1014.4952080687364        496132.31113014
1017.4193661806056        497836.13478699274
1020.3519528198785        499547.5492101914
1023.2929922807537        501266.6044602224
1026.2425089274543        502993.35107129667
1029.2005271944286        504727.84005389555
1032.1670715865541        506470.1229017644
1035.1421666793442        508220.25159983715
1038.125837119144         509978.2786255049
1041.1181076233397        511744.25695890386
1044.119002980564         513518.24008856114
1047.1285480508996        515300.28201421374
1050.1467677660837        517090.43725799373
1053.173687129716         518888.76086545724
1056.209331217468         520695.30841718015
1059.2537251772887        522510.13603213883
1062.306894229611         524333.3003752489
1065.368863667563         526164.8586630685
1068.4396588571794        528004.8686729544
1071.519305237607         529853.3887498882
1074.6078283213176        531710.4778090107
1077.7052536943213        533576.195348901
1080.8116070163774        535450.6014553477
1083.9269140212039        537333.7568102966
1087.051200516693         539225.7226964199
1090.184492385128         541126.5610095237
1093.3268155833919        543036.3342615471
1096.4781961431852        544955.1055917409
1099.6386601712434        546882.9387737178
1102.808233849552         548819.898221522
1105.98694343556          550766.0490017581
1109.174815262401         552721.4568372697
1112.3718757391132        554686.188120376
1115.5781513508532        556660.3099166263
1118.7936686591167        558643.8899796964
1122.018454301963         560636.9967522344
1125.2525349942316        562639.6993818079
1128.4959375277622        564652.067727322
1131.7486887716188        566674.1723677606
1135.0108156723143        568706.0846120837
1138.282345254032         570747.8765102058
1141.563304618846         572799.6208601742
1144.8537209469496        574861.3912194578
1148.1536214968828        576933.2619148666
1151.463033605752         579015.3080542078
1154.781984689458         581107.6055328662
1158.1105022429292        583210.2310482628
1161.4486138403427        585323.2621088435
1164.7963471353532        587446.7770439016
1168.1537298613243        589580.8550170462
1171.5207898315603        591725.5760339266
1174.8975549395302        593881.0209584539
1178.2840531591037        596047.2715203824
1181.6803125447832        598224.4103276246
1185.0863612319347        600412.5208800366
1188.502227437019         602611.6875790324
1191.927939457827         604821.9957443917
1195.3635256737189        607043.5316189359
1198.8090145458502        609276.3823897304
1202.2644346174131        611520.6361973756
1205.7298145138739        613776.382146941
1209.2051829432085        616043.7103263353
1212.6905686961377        618322.7118145735
1216.1860006463678        620613.4786992007
1219.691507750833         622916.1040904673
1223.2071190499325        625230.6821331792
1226.7328636677646        627557.3080218696
1230.268770812381         629896.0780203893
1233.8148697760212        632247.0894676757
1237.3711899353532        634610.4408019339
1240.9377607517197        636986.2315700015
1244.5146117713844        639374.562447111
1248.101772625775         641775.5352522901
1251.6992730317256        644189.2529617989
1255.3071427917248        646615.8197303748
1258.9254117941675        649055.3409029976
1262.5541100135945        651507.9230378433
1266.1932675109442        653973.6739197791
1269.8429144338052        656452.7025755859
1273.5030810166616        658945.1193019247
1277.1737975811434        661451.0356734282
1280.8550945362783        663970.5645668086
1284.5470023787486        666503.8201788383
1288.249551693135         669050.9180455937
1291.9627731521748        671611.975062739
1295.686697517019         674187.1095045762
1299.4213556374827        676776.4410459186
1303.1667784523           679380.0907811148
1306.9229969893818        681998.181248581
1310.6900423660759        684630.8364481091
1314.4679457894233        687278.1818678912
1318.2567385564075        689940.3444987847
1322.0564520542296        692617.4528674396
1325.8671177605595        695309.6370545722
1329.6887672437945        698017.0287131374
1333.521432163324         700739.7611026411
1337.3651442697949        703477.9691081853
1341.219935405371         706231.7892644084
1345.0858375039943        709001.3597827432
1348.9628825916532        711786.8205783743
1352.8511027866507        714588.313292785
1356.7505302998625        717405.9813256024
1360.661197435009         720239.969858356
1364.583136588924         723090.4258834034
1368.5163802518216        725957.4982326932
1372.4609610075624        728841.3376050427
1376.416911533926         731742.0965984479
1380.3842646028852        734659.9297373098
1384.3630530808705        737594.9935062091
1388.3533099290457        740547.4463772012
1392.3550682035834        743517.4488437325
1396.3683610559376        746505.1634536583
1400.3932217331137        749510.7548414862
1404.4296835779473        752534.3897610538
1408.4777800293846        755576.2371217518
1412.5375446227554        758636.4680199586
1416.6090109900438        761715.255781137
1420.6922128601816        764812.7759896421
1424.7871840593193        767929.206529489
1428.8939585111036        771064.7276190418
1433.0125702369628        774219.5218539524
1437.1430533563898        777393.7742440487
1441.2854420872234        780587.6722500909
1445.439770745928         783801.4058318384
1449.6060737478808        787035.1674822337
1453.7843856076622        790289.1522778834
1457.9747409393312        793563.5579149169
1462.1771744567184        796858.5847539564
1466.3917209737153        800174.4358751643
1470.6184154045604        803511.3171097456
1474.857292764125         806869.4370974526
1479.1083881682073        810249.0073315516
1483.3717368338255        813650.2422051025
1487.6473740795032        817073.3590654563
1491.9353353255647        820518.5782617462
1496.235656094433         823986.123198949
1500.5483720109185        827476.2203910684
1504.8735188025146        830989.0995103733
1509.2111322996932        834524.9934546996
1513.5612484362073        838084.1383897144
1517.9239032493854        841666.7738142872
1522.2991328804203        845273.142624657
1526.6869735746868        848903.4911607304
1531.0874616820304        852558.0692784487
1535.500633657068         856237.1304128023
1539.926526059492         859940.9316331972
1544.3651755543774        863669.7337191205
1548.816618912481         867423.8012204992
1553.2808930105448        871203.4025302974
1557.758034831602         875008.8099502539
1562.2480814652906        878840.2997650382
1566.75107010815          882698.152318889
1571.2670380639343        886582.6520789261
1575.7960227439235        890494.0877264894
1580.3380616672318        894432.7522222981
1584.893192461114         898398.9428951559
1589.4614528612815        902392.9615162896
1594.042880712218         906415.1143909657
1598.6375139674853        910465.7124327456
1603.2453906900419        914545.0712616771
1607.86654905256          918653.5112881961
1612.5010273377416        922791.3578031154
1617.1488639386293        926958.9410736667
1621.8100973589299        931156.5964384457
1626.4847662133348        935384.6644033948
1631.1729092278397        939643.4907432516
1635.8745652400532        943933.4266037144
1640.5897731995387        948254.8286089657
1645.318572168125         952608.058955479
1650.0610013202286        956993.4855436943
1654.8170999431813        961411.4820701249
1659.5869074375596        965862.4281518919
1664.370463317507         970346.7094446067
1669.167807211058         974864.7177593946
1673.978978860471         979416.851188604
1678.8040181225606        984003.5142254051
1683.6429649690194        988625.1179068681
1688.4958594867533        993282.0799308135
1693.362741878217         997974.8248042987
1698.2436524617442        1002703.7839705388
1703.1386316718776        1007469.3959649408
1708.047720059708         1012272.106550646
1712.9709582932135        1017112.3688688527
1717.9083871575895        1021990.6435984065
1722.860047555588         1026907.3991065152
1727.8259805078628        1031863.1116121992
1732.806227153304         1036858.2653508999
1737.8008287493763        1041893.3527471076
1742.8098266724642        1046968.8745819981
1747.8332624182174        1052085.3401754356
1752.8711776018943        1057243.2675669976
1757.923613958693         1062443.183702681
1762.990613344119         1067685.6246330356
1768.0722177343198        1072971.1356963797
1773.1684692264296        1078300.2717392496
1778.2794100389228        1083673.5973082227
1783.4050825119673        1089091.6868721924
1788.5455291077712        1094555.1250364624
1793.7007924109307        1100064.5067701228
1798.8709151287874        1105620.4376332927
1804.0559400917866        1111223.5340170828
1809.255910253822         1116874.4233838907
1814.4708686925965        1122573.7445165257
1819.7008586099826        1128322.1477807695
1824.9459233323773        1134120.295376944
1830.2061063110568        1139968.8616234132
1835.4814511225402        1145868.5332211903
1840.7720014689564        1151820.0095562865
1846.0778011783943        1157824.0029729826
1851.3988942052722        1163881.2390920515
1856.7353246307055        1169992.4571160618
1862.0871366628676        1176158.4101404904
1867.454374637353         1182379.8654964617
1872.8370830175484        1188657.6050749111
1878.235306395004         1194992.4256810732
1883.649089489802         1201385.13938496
1889.0784771509132        1207836.5738954435
1894.5235143565915        1214347.5729322147
1899.984246214733         1220918.9966213156
1905.4607179632483        1227551.7218897666
1910.9529749704404        1234246.6428738756
1916.4610627353852        1241004.671354094
1921.9850268883038        1247826.7371860233
1927.5249131909366        1254713.7887442766
1933.0807675369272        1261666.7933979928
1938.6526359522077        1268686.7379803117
1944.2405645953681        1275774.629279682
1949.8445997580454        1282931.4945455885
1955.4647878653102        1290158.38201881
1961.1011754760475        1297456.3614576545
1966.753809283339         1304826.5247060661
1972.4227361148535        1312269.9862521735
1978.1080029332402        1319787.883828059
1983.8096568365072        1327381.3790126112
1989.5277450584163        1335051.6578666363
1995.2623149688789        1342799.9315711393
2001.0134140743444        1350627.4370982018
2006.78109001819          1358535.4379044687
2012.5653905811187        1366525.2246422302
2018.3663636815597        1374598.1158908813
2024.1840573760633        1382755.4589202707
2030.0185198596844        1390998.6304677492
2035.8697994664071        1399329.0375590057
2041.7379446695295        1407748.1183361139
2047.6230040820647        1416257.3429188272
2053.525026457146         1424858.2143108824
2059.444060688437         1433552.2693079591
2065.3801558105292        1442341.0794688489
2071.3333609993483        1451226.2520912788
2077.303725572563         1460209.4312336154
2083.2912989899996        1469292.2987700691
2089.2961308540407        1478476.5755025705
2095.318270910042         1487764.0222578393
2101.357769046747         1497156.4410954127
2107.4146752966985        1506655.6764833727
2113.489039836648         1516263.616587498
2119.5809129879735        1525982.1945483251
2125.6903452171077        1535813.3898301695
2131.817387135937         1545759.229637501
2137.9620895022326        1555821.7903269143
2144.1245032200713        1566003.1989349904
2150.3046793402564        1576305.6347181923
2156.5026690607338        1586731.3307698618
2162.71852372702          1597282.5756860632
2168.9522948326353        1607961.7153044073
2175.2040340195244        1618771.1545129342
2181.473793078471         1629713.3591001506
2187.761623949552         1640790.857703572
2194.0675787225537        1652006.2438259772
2200.3917096374           1663362.1779293483
2206.73406908459          1674861.3895976497
2213.0947096056366        1686506.6798016212
2219.473683893497         1698300.9232588618
2225.8710447930052        1710247.0708491036
2232.286845301314         1722348.1521841157
2238.72113856834          1734607.2782165315
2245.173977897192         1747027.6440210398
2251.645416744618         1759612.5316164633
2258.1355087214533        1772365.3129867427
2264.6443075930597        1785289.4531496898
2271.1718672797665        1798388.5133940298
2277.718241857322         1811666.1546554896
2284.283485557348         1825126.1410148523
2290.867652767775         1838772.3433614348
2297.4707980333           1852608.743202442
2304.0929760558447        1866639.4366329715
2310.734241695            1880868.6385155914
2317.39464996848          1895300.6867754504
2324.0742560525787        1909940.046965866
2330.7731152826364        1924791.3169447074
2337.4912831534903        1939859.2318586956
2344.228815319923         1955148.6692707753
2350.9857675971466        1970664.6545797328
2357.7621959612547        1986412.3666228321
2364.5581565496773        2002397.143627027
2371.373705661655         2018624.4893404352
2378.20889975871          2035100.0795234193
2385.063795465105         2051829.7687056307
2391.9384495683134        2068819.5972929709
2398.83291901949          2086075.7989788458
2405.747260933951         2103604.8085566116
2412.681532591635         2121413.270085332
2419.6357914375817        2139508.0454576886
2426.6100950824143        2157896.223415442
2433.6045013028115        2176585.128979952
2440.6190680419813        2195582.3333875984
2447.653853410146         2214895.664525202
2454.708915685031         2234533.217886276
2461.7843133123324        2254503.3680967097
2468.880104906209         2274814.7810748117
2475.9963492497727        2295476.4267579312
2483.13310529557          2316497.5926054
2490.2904321660676        2337887.8977317875
2497.468389154143         2359657.3078556233
2504.6670357235853        2381816.151045666
2511.886431509582         2404375.1343377493
2519.126636319197         2427345.361283772
2526.3877101318953        2450738.3504638537
2533.669713100024         2474566.0550518814
2540.9727055493063        2498840.8835302168
2548.2967479793465        2523575.7215558235
2555.641901064137         2548783.9550964567
2563.0082256525557        2574479.494995563
2570.3957827688646        2600676.8029177585
2577.804633613221         2627390.9188592313
2585.234839562191         2654637.490407692
2592.6864621692453        2682432.803674947
2600.159563165272         2710793.816245885
2607.654204459099         2739738.1920854934
2615.170448137997         2769284.338763124
2622.7083564681916        2799451.4469314567
2630.2679918953813        2830259.5324872965
2637.8494170452673        2861729.4813398304
2645.4526947240515        2893883.09722102
2653.077887918968         2926743.152674733
2660.7250597988086        2960333.443427282
2668.394273714442         2994678.846535041
2676.0855931993333        3029805.3825089675
2683.799081970073         3065740.281712987
2691.534803926914         3102512.0555998613
2699.292823154296         3140150.572856801
2707.0732039213576        3178687.1411579284
2714.8760106825025        3218154.5948867104
2722.701308077913         3258587.3893310027
2730.549160934083         3300021.701952274
2738.4196342643613        3342495.54132983
2746.3127932694956        3386048.864497386
2754.2287033381663        3430723.703406327
2762.1674300475224        3476564.3013964626
2770.1290391637326        3523617.260529862
2778.113596642536         3571931.700917681
2786.121168629772         3621559.433111017
2794.1518214619387        3672555.1448070644
2802.205621666745         3724976.60345509
2810.2826359636597        3778884.8760504215
2818.382931264455         3834344.5682070893
2826.5065746737687        3891424.0841221106
2834.653633489668         3950195.9100297918
2842.8241752041904        4010736.9231937123
2851.0182675039096        4073128.7295751455
2859.2359782705053        4137458.03303117
2867.477375581316         4203817.039749649
2875.7425277099           4272303.901691544
2884.031503126606         4343023.203756483
2892.344370499144         4416086.499483004
2900.681198693156         4491612.90140023
2909.042056772761         4569729.73218993
2917.427014001166         4650573.244535387
2925.836139841216         4734289.417958123
2934.2695039559703        4821034.842485441
2942.727176209282         4910977.700677075
2951.209226666384         5004298.860386618
2959.715725594465         5101193.093935161
2968.246743463243         5201870.440211231
2976.802350945557         5306557.730548417
2985.3826189179604        5415500.300899945
2993.987618461291         5528963.918273181
3002.6174208612674        5647236.952604143
3011.2720976090886        5770632.831919708
3019.9517204020162        5899492.824549765
3028.656361143965         6034189.200446112
3037.3860919461044        6175128.833335867
3046.140985127464         6322757.316774216
3054.9211132155156        6477563.682753951
3063.7265489467813        6640085.8267578315
3072.557365267445         6810916.767144296
3081.413635333949         6990711.891931372
3090.295432513592         7180197.379725401
3099.2028303851466        7380180.022902155
3108.1359027394733        7591558.732948637
3117.0947235801286        7815338.074662318
3126.0793671239558        8052644.25805807
3135.0899078017387        8304744.1265373435
3144.126420258796         8573067.815195434
3153.1889793555947        8859235.937400814
3162.2776601683795        9165092.387930175
3171.392537989798         9492744.169132244
3180.5336883295204        9844610.055126606
3189.701186914858         1.0223480472922698E7
3198.895109691397         1.0632591736390885E7
3208.115532823637         1.1075718812311076E7
3217.3625326956007        1.1557292254127895E7
3226.6361859114822        1.2082546977085045E7
3235.936569296281         1.2657713476227988E7
3245.263759896437         1.3290266315751538E7
3254.61783498046          1.398925095420494E7
3263.998872039577         1.4765719313878221E7
3273.406948788383         1.5633318786494888E7
3282.842143165467         1.6609101665765513E7
3292.3045333340656        1.771465765075083E7
3301.7941976827187        1.897773057787752E7
3311.311214825911         2.0434579468422838E7
3320.855663604718         2.2133516898428958E7
3330.427623087463         2.4140371672898494E7
3340.0271725703833        2.654721845214061E7
3349.6543915782795        2.94869060824533E7
3359.3093598651526        3.315843790928977E7
3368.992157414906         3.7874005662292145E7
3378.702864441983         4.41528027387664E7
3388.4415613920273        5.2926683234187916E7
3398.2083289425595        6.605181250626393E7
3408.003248003648         8.783260447484368E7
3417.826399718576         1.3104405256691927E8
3427.6778654645045        2.579458442863807E8
3437.557726853155         8.160192748967133E9
3447.4660657314944        2.7535168560073733E8
3457.4029641823936        1.3539047215037328E8
3467.368504525317         8.976290367548083E7
3477.362769317011         6.713663886660399E7
3487.385841352184         5.3620206468271434E7
3497.43780366418          4.463377450296842E7
3507.5187395256794        3.8226818676497824E7
3517.628732449394         3.342807245823401E7
3527.767866188742         2.9699514669863924E7
3537.936224738549         2.6719037385716114E7
3548.133892335753         2.4282011451070588E7
3558.360953460096         2.2252203478069242E7
3568.617492834813         2.0535403562532067E7
3578.903595427346         1.90643818241871E7
3589.2193464500497        1.778987544867648E7
3599.564831360899         1.6674962504019089E7
3609.940135864167         1.5691425285390208E7
3620.3453459111824        1.4817328081560515E7
3630.780547701014         1.4035361174505174E7
3641.245827681181         1.3331682449559432E7
3651.741272548377         1.2695090490731597E7
3662.266969249197         1.211642353014324E7
3672.8230049808462        1.1588115415953081E7
3683.4094671918606        1.1103862739673272E7
3694.0264435828335        1.0658371957274174E7
3704.6740221071577        1.0247164940491771E7
3715.3522909717276        9866427.790883673
3726.061338637685         9512892.08934907
3736.801253821156         9183740.741432447
3747.572125493981         8876532.67516961
3758.374042884443         8589142.127985239
3769.207095478015         8319709.329538283
3780.0713730181124        8066600.15979823
3790.966965506812         7828372.933389547
3801.8939632056126        7603750.883198228
3812.852456636187         7391599.234402913
3823.8425365811263        7190905.999285074
3834.8642940846835        7000765.80708753
3845.9178204535356        6820366.22390245
3857.0032072575464        6648976.125887845
3868.120546330525         6485935.775692177
3879.269929770954         6330648.317333066
3890.4514499428046        6182572.458903944
3901.66519947627          6041216.15378253
3912.911271268532         5906131.1249484625
3924.189758484536         5776908.104080439
3935.5007545577723        5653172.678785241
3946.8443531910425        5534581.659348218
3958.2206483572263        5420819.890580449
3969.629734300069         5311597.44648141
3981.0717055349733        5206647.155417871
3992.54665684976          5105722.410568418
4004.0546833054636        5008595.228891998
4015.5958802371288        4915054.525459315
4027.170343254591         4824904.576542938
4038.778168243262         4737963.647126532
4050.419451364931         4654062.7632339485
4062.0942890585748        4573044.611181277
4073.8027780411303        4494762.548860088
4085.54501530831          4419079.7159945415
4097.321098135413         4345868.231928262
4109.131124078122         4275008.471049511
4120.975190973304         4206388.407302221
4132.853396939829         4139903.020209123
4144.7658403793885        4075453.7556851734
4156.712619977314         4012948.0359212253
4168.693834703355         3952298.8131978614
4180.709583812558         3893424.1630393136
4192.759966846054         3836246.9128448814
4204.8450836318825        3780694.3022773475
4216.965034285822         3726697.672391431
4229.119919212234         3674192.1807393264
4241.309839104882         3623116.5398277156
4253.534894947757         3573412.776796611
4265.795188015925         3525026.0124001345
4278.090819876381         3477904.257358909
4290.4218923888575        3431998.2246371782
4302.788507706685         3387261.156178383
4315.19076827765          3343648.6627591
4327.62877684483          3301118.5758729875
4340.10263644744          3259630.810637012
4352.6124504216905        3219147.2386627994
4365.158322401661         3179631.570168614
4377.74035632013          3141049.2445160286
4390.358656409448         3103367.32844637
4403.013327202412         3066554.421443065
4415.704473533126         3030580.567608282
4428.432200537849         2995417.173579239
4441.1966136558885        2961036.93193181
4453.997818630475         2927413.74976623
4466.835921509635         2894522.6819076994
4479.711028647038         2862339.8685477446
4492.623246702932         2830842.476868508
4505.572682644998         2800008.6464148546
4518.559443749226         2769817.4378881985
4531.583637600818         2740248.785194344
4544.645372095085         2711283.450391546
4557.744755438333         2682902.9814431244
4570.881896148751         2655089.672550741
4584.05690305732          2627826.526797112
4597.269885308723         2601097.2210803274
4610.520952362227         2574886.0730694155
4623.810213992603         2549178.0101076313
4637.137780291043         2523958.5398964244
4650.503761666063         2499213.722865783
4663.908268844408         2474930.1461010664
4677.351412871981         2451094.898744384
4690.833305114775         2427695.5487470436
4704.354057259765         2404720.1209199834
4717.913781315853         2382157.0761608896
4731.512589614803         2359995.2918330356
4745.1505948121585        2338224.0431686053
4758.827909888171         2316832.9856852484
4772.544648148744         2295812.1384949274
4786.30092322638          2275151.868524906
4800.09684908112          2254842.8755267547
4813.932540001449         2234876.177870911
4827.808110605305         2215243.09904621
4841.7236758409945        2195935.254857982
4855.679350988136         2176944.5412628045
4869.675251658631         2158263.1228090255
4883.711493797625         2139883.4216284105
4897.7881936844615        2121798.1069988813
4911.905467933636         2104000.085380996
4926.063433495771         2086482.4909513579
4940.2622076585985        2069238.6765837863
4954.501908047905         2052262.205256743
4968.782652628518         2035546.8418634366
4983.104559705293         2019086.5454067234
4997.467747924085         2002875.461550845
5011.872336272725         1986907.91551857
5026.318444082006         1971178.405312524
5040.806191026696         1955681.5952405971
5055.335697126495         1940412.3097366726
5069.907082747044         1925365.5274503152
5084.5204686009365        1910536.3756043785
5099.175975748702         1895920.1245944074
5113.873725599802         1881512.1828390479
5128.613839913648         1867308.0918333272
5143.396440800618         1853303.5214238288
5158.2216507230605        1839494.2653001437
5173.089592496281         1825876.2366508706
5188.000389289609         1812445.4640275282
5202.954164627397         1799198.0873706604
5217.951042390026         1786130.3542012123
5232.991146814947         1773238.6159751741
5248.074602497723         1760519.3245895011
5263.201534393047         1747969.02902174
5278.37206781577          1735584.3721203192
5293.586328441943         1723362.0875120081
5308.8444423098845        1711298.996647279
5324.1465358211835        1699392.0059523385
5339.492735741766         1687638.1041006555
5354.88316920296          1676034.3593960018
5370.317963702527         1664577.9172558156
5385.797247105721         1653265.997788347
5401.3211476463475        1642095.893479431
5416.8897939278495        1631064.9669548688
5432.503314924336         1620170.6488373582
5448.161839981668         1609410.4356870628
5463.86549881854          1598781.8880222265
5479.614421527547         1588282.628412112
5495.408738576249         1577910.3396482463
5511.248580808258         1567662.7629873408
5527.134079444346         1557537.696453193
5543.06536608351          1547532.993217124
5559.042572704037         1537646.5600304208
5575.065831664657         1527876.3557200897
5591.135275705602         1518220.389748295
5607.251037949701         1508676.7208186274
5623.413251903491         1499243.4555429507
5639.622051458339         1489918.7471596685
5655.877570891539         1480700.7943004717
5672.179944867406         1471587.8398083195
5688.529308438413         1462578.1695993727
5704.925797046321         1453670.1115731476
5721.369546523268         1444862.0345685373
5737.860693092911         1436152.3473602023
5754.399373371566         1427539.4976987622
5770.985724369332         1419021.971389214
5787.619883491208         1410598.2914165338
5804.301988538248         1402267.017099237
5821.032177708716         1394026.7432941718
5837.810589599199         1385876.0996279554
5854.637363205773         1377813.7497712537
5871.512637925163         1369838.3907493958
5888.43655355589          1361948.7522882817
5905.409250299413         1354143.5961935383
5922.430868761306         1346421.7157699848
5939.5015499524325        1338781.9352756399
5956.62143529011          1331223.1094072817
5973.790666599235         1323744.1228241771
5991.0093861135365        1316343.8897105309
6008.277736476708         1309021.3533690968
6025.5958607435805        1301775.4858537735
6042.963902381328         1294605.2876395741
6060.38200527066          1287509.7873329495
6077.850313707005         1280488.041413499
6095.368972401694         1273539.1340249858
6112.938126483169         1266662.1768031144
6130.557921498208         1259856.3087450452
6148.22850341309          1253120.696128544
6165.9500186148225        1246454.5324727604
6183.7226139123695        1239857.0385504698
6201.546436537854         1233327.4624522575
6219.421634147764         1226865.0797052202
6237.348354824191         1220469.1934476574
6255.326747076073         1214139.1346700646
6273.356959840386         1207874.2625155372
6291.4391424834           1201673.9646559563
6309.57344480193          1195537.6577438
6327.760017024558         1189464.7879421003
6345.999009812872         1183454.831547195
6364.290574262721         1177507.2957062023
6382.6348619054825        1171621.71923863
6401.032024709314         1165797.6735737787
6419.482215080359         1160034.763810914
6437.985585864098         1154332.6299202282
6456.542290346556         1148690.9480914334
6475.152482255579         1143109.4322500827
6493.816315762113         1137587.835758651
6512.533945481495         1132125.9533209053
6531.305526474723         1126723.623113423
6550.1312142497245        1121380.729167653
6569.011164762662         1116097.2040355338
6587.945534419239         1110873.0317704002
6606.9344800759645        1105708.2512575348
6625.978159041461         1100602.9599464792
6645.076729077792         1095557.318027868
6664.230348401748         1090571.5531167327
6683.439175686149         1085645.9655065495
6702.703370061166         1080780.9340773793
6722.02309111567          1075976.922937447
6741.398498898499         1071234.488915304
6760.829753919819         1066554.2900133368
6780.317017152456         1061937.0949737926
6799.860450033224         1057383.7941202521
6819.460214464241         1052895.41167305
6839.116472814293         1048473.1197738717
6858.829387920183         1044118.2544914988
6878.599123088082         1039832.3341444733
6898.425842094826         1035617.0803298178
6918.309709189362         1031474.4421304257
6938.250889094058         1027406.6240716128
6958.249547006057         1023416.1185149116
6978.305848598663         1019505.743325691
6998.419960022731         1015678.6858382196
7018.592047908021         1011938.5543764051
7038.822279364571         1008289.4388764516
7059.110821984093         1004735.9825477509
7079.457843841381         1001283.4669721626
7099.863513495665         997937.913674612
7120.327999992026         994706.2060000794
7140.85147286281          991596.2361866522
7161.43410212902          988617.0839206547
7182.076058301709         985779.2345185581
7202.777512383406         983094.8473806288
7223.53863586956          980578.0887570744
7244.359600749906         978245.5475443277
7265.240579509924         976116.7593141291
7286.181745132274         974214.8729264273
7307.183271098219         972567.5071260805
7328.245331389045         971207.8634260623
7349.368100487516         970176.1894217117
7370.551753379339         969521.7283852906
7391.796465554602         969305.3547083766
7413.102413009177         969603.1941953884
7434.469772246267         970511.6870784003
7455.898720277816         972154.81221183
7477.389434625969         974694.6311216796
7498.942093324558         978347.0794115884
7520.556874920589         983406.3276823545
7542.2339584757065        990283.676912427
7563.973523567667         999572.2223278569
7585.775750291836         1012159.6750284181
7607.640819262703         1029437.1133995268
7629.568911615335         1053714.5380509377
7651.560209006901         1089129.5191410617
7673.614893618185         1143899.8254069353
7695.73314815509          1236998.0063590114
7717.915155850127         1424299.431615682
7740.161100463954         1973226.049833177
7762.4711662869195        2.2078086082393363E7
7784.845538140543         443186.0796420145
7807.284401379069         208009.551807449
7829.787941891021         414301.6500741847
7852.356346100718         514167.5147623204
7874.9898009698145        572206.6712015661
7897.688493998856         609542.6168948662
7920.45261322885          635129.8977456577
7943.282347242822         653413.8176170205
7966.17788516731          666851.4052781763
7989.13941667404          676911.203930716
8012.167131981434         684524.9045943758
8035.261221856177         690312.094201245
8058.421877614818         694700.8208487872
8081.649291125368         697996.2787715711
8104.943654808873         700421.9153977522
8128.305161640995         702145.0685968217
8151.734005153622         703293.5252905706
8175.230379436502         703966.5431243099
8198.794479138794         704242.3812148788
8222.426499470712         704183.5652571972
8246.126636205156         703840.644244497
8269.895085679318         703254.9199772704
8293.732044796288         702460.4627625537
8317.63771102671          701485.6219882246
8341.612282410431         700354.1733298848
8365.655957558107         699086.2006302736
8389.768935652859         697698.7813881107
8413.951416451948         696206.5250502005
8438.203600288409         694621.9997076539
8462.525688072697         692956.0732861351
8486.917881294366         691218.1885700262
8511.380382023759         689416.5865634473
8535.913392913666         687558.4891632573
8560.517117200949         685650.2495373188
8585.191758708328         683697.4766750493
8609.937521846008         681705.1391428992
8634.754611613364         679677.6519820355
8659.643233600653         677618.9498622396
8684.603593990747         675532.5489585324
8709.635899560806         673421.5995288696
8734.740357683986         671288.9307836944
8759.91717633117          669137.0893311558
8785.166564072719         666968.3722490139
8810.488730080147         664784.855633011
8835.883884127874         662588.4193353298
8861.352236594994         660380.7684647768
8886.893998466987         658163.452137186
8912.509381337459         655937.8798751466
8938.198597409906         653705.3359945429
8963.961859499503         651466.9922584229
8989.799381034809         649223.9190388811
9015.711376059571         646977.0951850977
9041.6980592345           644727.4167710734
9067.759645839049         642475.7048665521
9093.896351773164         640222.7124571459
9120.108393559096         637969.1306189947
9146.395988343218         635715.5940406945
9172.759353897804         633462.6859690885
9199.198708622776         631210.9426514447
9225.71427154763          628960.8573276198
9252.306262333164         626712.8838287563
9278.974901273317         624467.4398233511
9305.72040929699          622224.9097518999
9332.543007969905         619985.6474840575
9359.442919496421         617749.9787264734
9386.420366721355         615518.2032107776
9413.475573131846         613290.5966810043
9440.608762859236         611067.4127046409
9467.820160680869         608848.8843224077
9495.109992021982         606635.2255549413
9522.478482957596         604426.6327785323
9549.92586021436          602223.2859838975
9577.452351172416         600025.3499297149
9605.058183867304         597832.9751984687
9632.743586991879         595646.2991661372
9660.50878989814          593465.4468924442
9688.354022599171         591290.5319385616
9716.279515771057         589121.657119698
9744.28550075478          586958.9151972694
9772.372209558112         584802.3895165228
9800.53987485756          582652.1545937739
9828.788730000315         580508.2766576431
9857.11900900617          578370.8141482892
9885.53094656939          576239.8181777847
9914.024778060782         574115.3329544296
9942.600739529567         571997.3961743459
9971.25906770533          569886.0393828352
10000                     567781.2883070634
