% Model:              AC_Radiation.mph
% Version:            COMSOL 6.0.0.405
% Date:               Aug 1 2022, 17:04
% Dimension:          1
% Nodes:              1000
% Expressions:        1
% Description:        Global
% freq (Hz)               Re(Z<sub>ac</sub>), Im(Z<sub>ac</sub>)
10                        -11.403899454240875
20                        -30.959485649324012
30                        -44.275357541053786
40                        -45.262018899153254
50                        -33.052527607071404
60                        -9.202322412728476
70                        24.102219119068703
80                        64.89442631455539
90                        111.69434565216092
100                       163.50150448524994
110                       219.6946098620098
120                       279.9212472289455
130                       344.0068080270797
140                       411.8878701943565
150                       483.5666521045343
160                       559.0812502600205
170                       638.4868850953635
180                       721.8445016658379
190                       809.2141405114583
200                       900.6513286386606
210                       996.2053381952145
220                       1095.9185688578275
230                       1199.82658145087
240                       1307.9584874468655
250                       1420.3375131029914
260                       1536.9816296605195
270                       1657.9041867763385
280                       1783.1145148456112
290                       1912.6184792950655
300                       2046.4189803135012
310                       2184.516397544507
320                       2326.9089825055303
330                       2473.5932031261477
340                       2624.564045399667
350                       2779.815277161701
360                       2939.339678731466
370                       3103.1292447065734
380                       3271.175360700194
390                       3443.468958316606
400                       3620.0006511869515
410                       3800.760854457336
420                       3985.739889744606
430                       4174.928077273535
440                       4368.315816581397
450                       4565.8936569774705
460                       4767.652358747505
470                       4973.58294590523
480                       5183.676751161865
490                       5397.925453697252
500                       5616.321110194258
510                       5838.856179541586
520                       6065.523541547745
530                       6296.316509968478
540                       6531.2288400869575
550                       6770.254731114575
560                       7013.388823594819
570                       7260.626192020485
580                       7511.962332857893
590                       7767.393148150925
600                       8026.914924899817
610                       8290.524310377064
620                       8558.218283586686
630                       8829.994123025384
640                       9105.849370974915
650                       9385.781794502647
660                       9669.789343350745
670                       9957.870104996038
680                       10250.022257035698
690                       10546.24401714925
700                       10846.533590899457
710                       11150.889117564499
720                       11459.308614306225
730                       11771.789918890274
740                       12088.330631253591
750                       12408.928054179265
760                       12733.579133344228
770                       13062.280397045935
780                       13395.027895882084
790                       13731.817142651375
800                       14072.643052821713
810                       14417.49988579129
820                       14766.381187307288
830                       15119.279733268395
840                       15476.187475254294
850                       15837.095488042834
860                       16201.993919437404
870                       16570.871942614318
880                       16943.717711349407
890                       17320.51831834396
900                       17701.259756898282
910                       18085.92688621712
920                       18474.50340055558
930                       18866.97180244119
940                       19263.313380164764
950                       19663.508189767508
960                       20067.535041653275
970                       20475.37149200352
980                       20886.993839164115
990                       21302.377125055147
1000                      21721.495141743464
1010                      22144.32044324676
1020                      22570.824362578343
1030                      23000.977034112326
1040                      23434.74742119286
1050                      23872.103349025667
1060                      24313.0115427359
1070                      24757.437670540676
1080                      25205.346391914263
1090                      25656.70141057962
1100                      26111.465532209146
1110                      26569.600726577595
1120                      27031.068193992873
1130                      27495.828435721134
1140                      27963.84132815973
1150                      28435.06620043767
1160                      28909.461915135806
1170                      29386.986951784016
1180                      29867.59949275939
1190                      30351.257511245174
1200                      30837.918860789843
1210                      31327.54136611899
1220                      31820.082914756204
1230                      32315.501549020308
1240                      32813.75555794418
1250                      33314.80356872134
1260                      33818.60463718546
1270                      34325.11833690574
1280                      34834.30484646338
1290                      35346.125034450815
1300                      35860.540541784394
1310                      36377.51386089736
1320                      36897.00841144756
1330                      37418.98861209624
1340                      37943.419948029004
1350                      38470.26903385469
1360                      38999.50367154353
1370                      39531.09290310856
1380                      40065.00705775785
1390                      40601.2177932098
1400                      41139.69813104787
1410                      41680.422485777366
1420                      42223.366687554575
1430                      42768.50799833748
1440                      43315.825121417896
1450                      43865.298204244624
1460                      44416.90883447528
1470                      44970.64002923934
1480                      45526.47621770629
1490                      46084.40321687796
1500                      46644.40820080362
1510                      47206.4796632688
1520                      47770.607374124855
1530                      48336.78232938994
1540                      48904.996695347654
1550                      49475.24374688579
1560                      50047.51780024572
1570                      50621.81414053569
1580                      51198.128944240416
1590                      51776.459197095326
1600                      52356.80260757001
1610                      52939.157516406834
1620                      53523.52280253621
1630                      54109.897785716654
1640                      54698.28212636003
1650                      55288.67572287901
1660                      55881.078607035604
1670                      56475.49083765135
1680                      57071.91239316051
1690                      57670.34306337327
1700                      58270.7823409983
1710                      58873.22931321435
1720                      59477.682553868646
1730                      60084.14001667681
1740                      60692.598929810076
1750                      61303.05569246316
1760                      61915.505773616795
1770                      62529.943613596726
1780                      63146.36252876668
1790                      63764.754619725885
1800                      64385.11068350782
1810                      65007.420129986924
1820                      65631.67090313196
1830                      66257.84940716253
1840                      66885.94043813858
1850                      67515.92712126132
1860                      68147.79085415223
1870                      68781.51125643286
1880                      69417.06612586771
1890                      70054.43140125112
1900                      70693.58113234097
1910                      71334.4874570155
1920                      71977.12058571036
1930                      72621.44879347576
1940                      73267.43841958515
1950                      73915.05387486622
1960                      74564.25765688073
1970                      75215.01037270144
1980                      75867.2707697371
1990                      76520.99577413099
2000                      77176.14053690492
2010                      77832.65848770383
2020                      78490.5013959784
2030                      79149.61943947314
2040                      79809.96127982055
2050                      80471.47414495616
2060                      81134.10391820106
2070                      81797.79523360771
2080                      82462.49157730144
2090                      83128.13539445544
2100                      83794.66820151039
2110                      84462.03070322837
2120                      85130.16291413862
2130                      85799.00428388511
2140                      86468.4938260599
2150                      87138.5702499143
2160                      87809.17209451478
2170                      88480.23786468065
2180                      89151.70616845615
2190                      89823.51585473891
2200                      90495.60615174082
2210                      91167.9168045462
2220                      91840.38821169612
2230                      92512.96156020334
2240                      93185.57895820233
2250                      93858.1835651314
2260                      94530.71971766384
2270                      95203.13305275101
2280                      95875.37062531518
2290                      96547.38102117261
2300                      97219.11446430287
2310                      97890.52291805999
2320                      98561.56017973131
2330                      99232.18196814791
2340                      99902.3460039239
2350                      100572.01208162235
2360                      101241.14213413495
2370                      101909.70028829553
2380                      102577.65291190347
2390                      103244.96865167462
2400                      103911.61846213265
2410                      104577.57562504993
2420                      105242.81575955688
2430                      105907.316822713
2440                      106571.05910054335
2450                      107234.02518961807
2460                      107896.19996912446
2470                      108557.57056366689
2480                      109218.12629684561
2490                      109877.85863581124
2500                      110536.76112710264
2510                      111194.82932389536
2520                      111852.0607051185
2530                      112508.45458659758
2540                      113164.01202480184
2550                      113818.73571337291
2560                      114472.6298730676
2570                      115125.70013543776
2580                      115777.95342075553
2590                      116429.39781072203
2600                      117080.04241651052
2610                      117729.89724254249
2620                      118378.97304674402
2630                      119027.28119770836
2640                      119674.8335294245
2650                      120321.64219411394
2660                      120967.71951380222
2670                      121613.07783122589
2680                      122257.7293605951
2690                      122901.68603896559
2700                      123544.95937863417
2710                      124187.56032127958
2720                      124829.49909434887
2730                      125470.78507030885
2740                      126111.42662928875
2750                      126751.43102568491
2760                      127390.80425918075
2770                      128029.55095086583
2780                      128667.67422470867
2790                      129305.17559506271
2800                      129942.05486053393
2810                      130578.31000467578
2820                      131213.9371039288
2830                      131848.9302431465
2840                      132483.28143907097
2850                      133116.98057205768
2860                      133750.0153264058
2870                      134382.3711394674
2880                      135014.031159794
2890                      135644.9762145505
2900                      136275.18478630792
2910                      136904.63299937436
2920                      137533.29461572078
2930                      138161.14104062828
2940                      138788.14133799996
2950                      139414.26225536683
2960                      140039.46825852877
2970                      140663.72157575213
2980                      141286.98225137533
2990                      141909.20820870536
3000                      142530.3553219457
3010                      143150.37749701398
3020                      143769.22676080692
3030                      144386.85335892375
3040                      145003.20586111536
3050                      145618.23127441123
3060                      146231.87516332197
3070                      146844.08177682187
3080                      147454.7941815033
3090                      148063.95440053538
3100                      148671.50355779342
3110                      149277.38202673657
3120                      149881.52958332578
3130                      150483.88556247504
3140                      151084.3890173839
3150                      151682.97888131536
3160                      152279.59413049926
3170                      152874.17394879935
3180                      153466.6578918376
3190                      154056.9860514163
3200                      154645.09921848564
3210                      155230.93904464363
3220                      155814.44820107616
3230                      156395.57053457742
3240                      156974.25121976808
3250                      157550.43690705355
3260                      158124.0758654184
3270                      158695.11811993807
3280                      159263.51558274985
3290                      159829.22217752348
3300                      160392.19395655213
3310                      160952.3892100436
3320                      161509.76856717188
3330                      162064.2950883451
3340                      162615.93434842653
3350                      163164.6545104634
3360                      163710.42638948947
3370                      164253.22350675447
3380                      164793.02213148048
3390                      165329.80131716077
3400                      165863.5429203546
3410                      166394.2316140749
3420                      166921.8548878988
3430                      167446.4030381
3440                      167967.86914639408
3450                      168486.24904838655
3460                      169001.54129158705
3470                      169513.7470825092
3480                      170022.8702241515
3490                      170528.91704331784
3500                      171031.8963083691
3510                      171531.8191380334
3520                      172028.69890084717
3530                      172522.5511068839
3540                      173013.39329092385
3550                      173501.24488860453
3560                      173986.1271054322
3570                      174468.0627795313
3580                      174947.07623851363
3590                      175423.19315123025
3600                      175896.4403748751
3610                      176366.84579817965
3620                      176834.4381813078
3630                      177299.24699293682
3640                      177761.30224567954
3650                      178220.63432977188
3660                      178677.27384643033
3670                      179131.25144102727
3680                      179582.59763701737
3690                      180031.34267114362
3700                      180477.51633068844
3710                      180921.1477932622
3720                      181362.2654698849
3730                      181800.89685191622
3740                      182237.0683623575
3750                      182670.80521231244
3760                      183102.1312627906
3770                      183531.06889319592
3780                      183957.63887422002
3790                      184381.8602528083
3800                      184803.75023804864
3810                      185223.32409997247
3820                      185640.59507468733
3830                      186055.57427816783
3840                      186468.27062995848
3850                      186878.69078491416
3860                      187286.83907537643
3870                      187692.71746276584
3880                      188096.32549908085
3890                      188497.66029852725
3900                      188896.7165192831
3910                      189293.4863555022
3920                      189687.9595395911
3930                      190080.1233547267
3940                      190469.96265758364
3950                      190857.4599112235
3960                      191242.59522794673
3970                      191625.34642198097
3980                      192005.6890718844
3990                      192383.59659229065
4000                      192759.04031482583
4010                      193131.98957782742
4020                      193502.41182487467
4030                      193870.2727107755
4040                      194235.5362159416
4050                      194598.16476785534
4060                      194958.11936925293
4070                      195315.35973267374
4080                      195669.8444210011
4090                      196021.53099327488
4100                      196370.37615461514
4110                      196716.33591145944
4120                      197059.3657291087
4130                      197399.42069291172
4140                      197736.4556715655
4150                      198070.4254818836
4160                      198401.28505465513
4170                      198728.9896008049
4180                      199053.49477715872
4190                      199374.75685118535
4200                      199692.7328640289
4210                      200007.3807912683
4220                      200318.65970051484
4230                      200626.52990551444
4240                      200930.9531159168
4250                      201231.8925818941
4260                      201529.31323398554
4270                      201823.18181590506
4280                      202113.46701148688
4290                      202400.13956416422
4300                      202683.17238888107
4310                      202962.54067592515
4320                      203238.2219862259
4330                      203510.19633771884
4340                      203778.44628248716
4350                      204042.9569742771
4360                      204303.7162261803
4370                      204560.71455819864
4380                      204813.94523455625
4390                      205063.4042905704
4400                      205309.09054900857
4410                      205551.00562581734
4420                      205789.15392537738
4430                      206023.5426250403
4440                      206254.18164935027
4450                      206481.08363379617
4460                      206704.26387849348
4470                      206923.7402918067
4480                      207139.53332432732
4490                      207351.66589339846
4500                      207560.16329860094
4510                      207765.05312849316
4520                      207966.36515906485
4530                      208164.13124432674
4540                      208358.38519936087
4550                      208549.1626770459
4560                      208736.50103749067
4570                      208920.43921244683
4580                      209101.01756407932
4590                      209278.27773921393
4600                      209452.2625195382
4610                      209623.0156681956
4620                      209790.58177381122
4630                      209955.00609236318
4640                      210116.33438700624
4650                      210274.61276780235
4660                      210429.88753061087
4670                      210582.20499659292
4680                      210731.61135267
4690                      210878.1524937947
4700                      211021.87386707283
4710                      211162.82031942793
4720                      211301.03594792777
4730                      211436.56395482577
4740                      211569.44650666154
4750                      211699.7245986778
4760                      211827.43792475088
4770                      211952.62475360863
4780                      212075.32181141595
4790                      212195.56417091592
4800                      212313.38514878394
4810                      212428.81620998975
4820                      212541.8868806208
4830                      212652.62466861034
4840                      212761.05499355443
4850                      212867.20112529933
4860                      212971.08413129652
4870                      213072.72283349538
4880                      213172.133774495
4890                      213269.331193131
4900                      213364.3270096548
4910                      213457.13082036877
4920                      213547.74990191002
4930                      213636.1892248998
4940                      213722.45147714473
4950                      213806.53709601465
4960                      213888.4443100384
4970                      213968.16918950345
4980                      214045.70570563353
4990                      214121.04579849972
5000                      214194.17945296745
10                        733.7256728247877
20                        1499.1170487622599
30                        2286.841976752862
40                        3087.138994171588
50                        3892.477955678312
60                        4698.150283383771
70                        5501.736986529664
80                        6302.305594867302
90                        7099.743983088857
100                       7894.322135632537
110                       8686.442188672034
120                       9476.512060429366
130                       10264.890512052383
140                       11051.869775108049
150                       11837.676110857667
160                       12622.477762348162
170                       13406.395023263465
180                       14189.51000247414
190                       14971.87513185972
200                       15753.52017750302
210                       16534.45783160619
220                       17314.68808147804
230                       18094.201576907064
240                       18872.982201295716
250                       19651.0090215965
260                       20428.25775938948
270                       21204.70189571358
280                       21980.31349720517
290                       22755.06383082851
300                       23528.92381849878
310                       24301.864370527317
320                       25073.856627343353
330                       25844.872131688895
340                       26614.88294804231
350                       27383.86174188292
360                       28151.781828277035
370                       28918.617196956002
380                       29684.34251929236
390                       30448.933141232275
400                       31212.365065295584
410                       31974.614924007983
420                       32735.659946527838
430                       33495.477919896795
440                       34254.04714598013
450                       35011.34639494738
460                       35767.35485599685
470                       36522.05208585724
480                       37275.417955583434
490                       38027.43259599543
500                       38778.07634217545
510                       39527.3296773014
520                       40275.17317613558
530                       41021.58744845205
540                       41766.55308264878
550                       42510.05058983644
560                       43252.06034861713
570                       43992.56255082471
580                       44731.537148442076
590                       45468.96380198204
600                       46204.821830475295
610                       46939.090163381145
620                       47671.74729458099
630                       48402.77123869294
640                       49132.13948990092
650                       49859.82898352671
660                       50585.8160604857
670                       51310.07643486102
680                       52032.58516472479
690                       52753.316626409
700                       53472.24449234177
710                       54189.34171258985
720                       54904.58050027538
730                       55617.93232091378
740                       56329.36788581636
750                       57038.857149646305
760                       57746.36931213898
770                       58451.872824121354
780                       59155.33539778558
790                       59856.72402129313
800                       60556.00497768217
810                       61253.14386806952
820                       61948.10563910796
830                       62640.85461465026
840                       63331.35453153655
850                       64019.56857943044
860                       64705.459444587774
870                       65388.989357392384
880                       66070.12014357836
890                       66748.81327890317
900                       67425.02994712091
910                       68098.731101035
920                       68769.87752641817
930                       69438.42990852034
940                       70104.34890096782
950                       70767.59519671547
960                       71428.12960078023
970                       72085.91310447035
980                       72740.9069607587
990                       73393.0727604892
1000                      74042.37250904375
1010                      74688.76870316172
1020                      75332.22440750503
1030                      75972.70333063322
1040                      76610.1698999828
1050                      77244.5893355296
1060                      77875.9277216822
1070                      78504.15207711911
1080                      79129.2304221181
1090                      79751.13184306739
1100                      80369.82655378533
1110                      80985.28595328603
1120                      81597.48267967133
1130                      82206.39065982429
1140                      82811.9851546045
1150                      83414.24279922721
1160                      84013.14163862688
1170                      84608.66115746807
1180                      85200.78230466043
1190                      85789.48751216536
1200                      86374.76070787669
1210                      86956.58732251522
1220                      87534.95429037129
1230                      88109.85004382509
1240                      88681.26450161754
1250                      89249.1890508279
1260                      89813.61652261569
1270                      90374.5411617166
1280                      90931.95858983544
1290                      91485.86576301763
1300                      92036.26092314477
1310                      92583.14354374711
1320                      93126.51427031979
1330                      93666.37485542607
1340                      94202.72808878252
1350                      94735.57772267991
1360                      95264.92839301882
1370                      95790.7855363479
1380                      96313.1553031894
1390                      96832.044468105
1400                      97347.46033688767
1410                      97859.41065124149
1420                      98367.90349145746
1430                      98872.94717745675
1440                      99374.55016866876
1450                      99872.7209632172
1460                      100367.46799685089
1470                      100858.79954204978
1480                      101346.72360783204
1490                      101831.2478406366
1500                      102312.37942678928
1510                      102790.1249969672
1520                      103264.49053308713
1530                      103735.48127804341
1540                      104203.10164874108
1550                      104667.35515272614
1560                      105128.2443088861
1570                      105585.7705725309
1580                      106039.93426517877
1590                      106490.73450942735
1600                      106938.16916912618
1610                      107382.23479519335
1620                      107822.9265773027
1630                      108260.2383016712
1640                      108694.16231512975
1650                      109124.68949569634
1660                      109551.80922979138
1670                      109975.50939618163
1680                      110395.77635681254
1690                      110812.59495457413
1700                      111225.94851802872
1710                      111635.8188731779
1720                      112042.1863621852
1730                      112445.02986910123
1740                      112844.32685246156
1750                      113240.05338476067
1760                      113632.1841985566
1770                      114020.69273923195
1780                      114405.55122411664
1790                      114786.73070784475
1800                      115164.20115369197
1810                      115537.93151108356
1820                      115907.88979767484
1830                      116274.04318770686
1840                      116636.358104904
1850                      116994.80031984653
1860                      117349.33505178195
1870                      117699.92707434965
1880                      118046.54082480646
1890                      118389.14051638344
1900                      118727.69025346098
1910                      119062.15414874334
1920                      119392.4964427356
1930                      119718.68162430587
1940                      120040.6745520146
1950                      120358.44057633467
1960                      120671.94566159749
1970                      120981.15650716948
1980                      121286.04066809815
1990                      121586.56667375585
2000                      121882.70414481094
2010                      122174.423907332
2020                      122461.69810427252
2030                      122744.50030295517
2040                      123022.80559902811
2050                      123296.59071557237
2060                      123565.83409756073
2070                      123830.5160007124
2080                      124090.618574645
2090                      124346.12593978683
2100                      124597.02425769933
2110                      124843.30179434195
2120                      125084.94897625184
2130                      125321.95843855003
2140                      125554.32506571089
2150                      125782.0460237034
2160                      126005.1207838904
2170                      126223.55113845253
2180                      126437.34120648814
2190                      126646.497432704
2200                      126851.02857546393
2210                      127050.94568686066
2220                      127246.26208408563
2230                      127436.99331121109
2240                      127623.1570924929
2250                      127804.7732782142
2260                      127981.86377856135
2270                      128154.452493961
2280                      128322.56523393147
2290                      128486.22962969166
2300                      128645.47503841767
2310                      128800.33244279149
2320                      128950.83433946667
2330                      129097.0146276831
2340                      129238.90848538677
2350                      129376.5522460339
2360                      129509.98326640023
2370                      129639.23979271187
2380                      129764.3608223159
2390                      129885.38596247736
2400                      130002.35528681386
2410                      130115.30918991724
2420                      130224.28824083533
2430                      130329.33303604074
2440                      130430.48405244037
2450                      130527.78150115898
2460                      130621.26518264813
2470                      130710.97434377998
2480                      130796.94753752608
2490                      130879.22248578611
2500                      130957.83594602419
2510                      131032.8235822162
2520                      131104.2198406664
2530                      131172.05783124856
2540                      131236.3692145285
2550                      131297.18409527568
2560                      131354.5309227781
2570                      131408.43639843597
2580                      131458.92539090477
2590                      131506.02085926
2600                      131549.74378442182
2610                      131590.11310917186
2620                      131627.1456869044
2630                      131660.8562394947
2640                      131691.25732427146
2650                      131718.35931033574
2660                      131742.17036431032
2670                      131762.69644555112
2680                      131779.94131079857
2690                      131793.90652841193
2700                      131804.59150191108
2710                      131811.9935029368
2720                      131816.1077133509
2730                      131816.92727643356
2740                      131814.4433568766
2750                      131808.64520945447
2760                      131799.52025601224
2770                      131787.0541705533
2780                      131771.23097205147
2790                      131752.0331246735
2800                      131729.4416450304
2810                      131703.43621604485
2820                      131673.99530699415
2830                      131641.09629930885
2840                      131604.71561762432
2850                      131564.82886560546
2860                      131521.41096605535
2870                      131474.4363047149
2880                      131423.87887727545
2890                      131369.7124390206
2900                      131311.91065649808
2910                      131250.44726071405
2920                      131185.2962011662
2930                      131116.43180022258
2940                      131043.82890715514
2950                      130967.46305130844
2960                      130887.31059373055
2970                      130803.34887669107
2980                      130715.55637057342
2990                      130623.91281739029
3000                      130528.39937045451
3010                      130428.99872971149
3020                      130325.69527184815
3030                      130218.47517512429
3040                      130107.32653799858
3050                      129992.23949117736
3060                      129873.20630269787
3070                      129750.22147541493
3080                      129623.28183660995
3090                      129492.38661921435
3100                      129357.53753433793
3110                      129218.73883471102
3120                      129075.99736876224
3130                      128929.32262506185
3140                      128778.72676687273
3150                      128624.22465664038
3160                      128465.83387022035
3170                      128303.57470081392
3180                      128137.4701524464
3190                      127967.54592302865
3200                      127793.83037697272
3210                      127616.35450745246
3220                      127435.1518884062
3230                      127250.25861642347
3240                      127061.71324273125
3250                      126869.55669550401
3260                      126673.83219273026
3270                      126474.58514611013
3280                      126271.86305615614
3290                      126065.7153990418
3300                      125856.19350558688
3310                      125643.35043288156
3320                      125427.24082901444
3330                      125207.92079153475
3340                      124985.44772013153
3350                      124759.88016421444
3360                      124531.27766592006
3370                      124299.7006024825
3380                      124065.2100063687
3390                      123827.8674311705
3400                      123587.73474937945
3410                      123344.87400157019
3420                      123099.34722121395
3430                      122851.21626624292
3440                      122600.54265012046
3450                      122347.38737402952
3460                      122091.81076426619
3470                      121833.87230877504
3480                      121573.63050057371
3490                      121311.14268396937
3500                      121046.46490627149
3510                      120779.6517750857
3520                      120510.75632182855
3530                      120239.82987148533
3540                      119966.92192080493
3550                      119692.08002282711
3560                      119415.3496806531
3570                      119136.77424922246
3580                      118856.39484665454
3590                      118574.25027393512
3600                      118290.37694586659
3610                      118004.80883013192
3620                      117717.57739749776
3630                      117428.71158213649
3640                      117138.2377522019
3650                      116846.17969105113
3660                      116552.5585888517
3670                      116257.39304474417
3680                      115960.6990798633
3690                      115662.49015999488
3700                      115362.77722972295
3710                      115061.56875536394
3720                      114758.87077882496
3730                      114454.68698084897
3740                      114149.01875356647
3750                      113841.86528228201
3760                      113533.22363631136
3770                      113223.08886765812
3780                      112911.45411725782
3790                      112598.3107317057
3800                      112283.6483823996
3810                      111967.45519517666
3820                      111649.71788411016
3830                      111330.42189232605
3840                      111009.55153527639
3850                      110687.09015185652
3860                      110363.02025681922
3870                      110037.32369758474
3880                      109709.98181340903
3890                      109380.97559678595
3900                      109050.28585609872
3910                      108717.89337924903
3920                      108383.77909745615
3930                      108047.92424790455
3940                      107710.31053721983
3950                      107370.92030052571
3960                      107029.73666033923
3970                      106686.74368151286
3980                      106341.92652286786
3990                      105995.27158460427
4000                      105646.76665104028
4010                      105296.4010281598
4020                      104944.16567463653
4030                      104590.05332801494
4040                      104234.05862239467
4050                      103876.17819958754
4060                      103516.41081242912
4070                      103154.75742011072
4080                      102791.22127400005
4090                      102425.80799615293
4100                      102058.5256477564
4110                      101689.38478204311
4120                      101318.39850615036
4130                      100945.5825067889
4140                      100570.95508532543
4150                      100194.53717495054
4160                      99816.35234848567
4170                      99436.42681578032
4180                      99054.78941059351
4190                      98671.47156702052
4200                      98286.50728552653
4210                      97899.93308868515
4220                      97511.78796684342
4230                      97122.11331384943
4240                      96730.95285312385
4250                      96338.35255433783
4260                      95944.36054109449
4270                      95549.02698983726
4280                      95152.40402055321
4290                      94754.54557956691
4300                      94355.50731501312
4310                      93955.3464454042
4320                      93554.12162184139
4330                      93151.89278453644
4340                      92748.72101403364
4350                      92344.66837794441
4360                      91939.79777366579
4370                      91534.17276784817
4380                      91127.85743317018
4390                      90720.9161831811
4400                      90313.41360590591
4410                      89905.41429653986
4420                      89496.98269075218
4430                      89088.18289820381
4440                      88679.07853783964
4450                      88269.73257518692
4460                      87860.2071624181
4470                      87450.56348182264
4480                      87040.8615933594
4490                      86631.1602868636
4500                      86221.51693934079
4510                      85811.9873785232
4520                      85402.62575216482
4530                      84993.48440466494
4540                      84584.61376049709
4550                      84176.06221629806
4560                      83767.87604045197
4570                      83360.09928104756
4580                      82952.77368334387
4590                      82545.93861595143
4600                      82139.63100714497
4610                      81733.88528937731
4620                      81328.73335560542
4630                      80924.20452375931
4640                      80520.3255125905
4650                      80117.12042676308
4660                      79714.61075260186
4670                      79312.81536347193
4680                      78911.75053575824
4690                      78511.42997405554
4700                      78111.86484685812
4710                      77713.0638309639
4720                      77315.03316619058
4730                      76917.7767186037
4740                      76521.29605166406
4750                      76125.59050913494
4760                      75730.65729961553
4770                      75336.49159844247
4780                      74943.08664765436
4790                      74550.43386654662
4800                      74158.52297110207
4810                      73767.34209484185
4820                      73376.8779179944
4830                      72987.11580246773
4840                      72598.03992660546
4850                      72209.63342846613
4860                      71821.87855121573
4870                      71434.75678979947
4880                      71048.24904098964
4890                      70662.33575458721
4900                      70276.99708577943
4910                      69892.21304762678
4920                      69507.96366327758
4930                      69124.22911819248
4940                      68740.9899093891
4950                      68358.22699438616
4960                      67975.9219366225
4970                      67594.05704808985
4980                      67212.61552835543
4990                      66831.58159930649
5000                      66450.9406355465
