Displacement [mm] - FD curve	Force [N] - FD curve	
0.00275	0	
0.0055	0	
0.00825	0	
0.011	0	
0.01375	0	
0.0165	0	
0.01925	0	
0.022	0	
0.02475	0	
0.0275	0	
0.03025	0	
0.033	0	
0.03575	0	
0.0385	0	
0.04125	0	
0.044	0	
0.04675	0	
0.0495	0	
0.05225	0	
0.055	0	
0.05775	0	
0.0605	0	
0.06325	0	
0.066	0	
0.06875	0	
0.0715	0	
0.07425	0	
0.077	0	
0.07975	0	
0.0825	0	
0.08525	0	
0.088	0	
0.09075	0	
0.0935	0	
0.09625	0	
0.099	0	
0.10175	0	
0.1045	0	
0.10725	0	
0.11	0	
0.11275	0	
0.1155	0	
0.11825	0	
0.121	0	
0.12375	0	
0.1265	0	
0.12925	0	
0.132	0	
0.13475	0	
0.1375	0	
0.14025	0	
0.143	0	
0.14575	0	
0.1485	0	
0.15125	0	
0.154	0	
0.15675	0	
0.1595	0	
0.16225	0	
0.165	0	
0.16775	0	
0.1705	0	
0.17325	0	
0.176	0	
0.17875	0	
0.1815	0	
0.18425	0	
0.187	0	
0.18975	0	
0.1925	0	
0.19525	0	
0.198	0	
0.20075	0	
0.2035	0	
0.20625	0	
0.209	0	
0.21175	0	
0.2145	0	
0.21725	0	
0.22	0	
0.22275	0	
0.2255	0	
0.22825	0	
0.231	0	
0.23375	0	
0.2365	0	
0.23925	0	
0.242	0	
0.24475	0	
0.2475	0	
0.25025	0	
0.253	0	
0.25575	0	
0.2585	0	
0.26125	0	
0.264	0	
0.26675	0	
0.2695	0	
0.27225	0	
0.275	0	
0.27775	0	
0.2805	0	
0.28325	0	
0.286	0	
0.28875	0	
0.2915	0	
0.29425	0	
0.297	0	
0.29975	0	
0.3025	0	
0.30525	0	
0.308	0	
0.31075	0	
0.3135	0	
0.31625	0	
0.319	0	
0.32175	0	
0.3245	0	
0.32725	0	
0.33	0	
0.33275	0	
0.3355	0	
0.33825	0	
0.341	0	
0.34375	0	
0.3465	0	
0.34925	0	
0.352	0	
0.35475	0	
0.3575	0	
0.36025	0	
0.363	0	
0.36575	0	
0.3685	0	
0.37125	0	
0.374	0	
0.37675	0	
0.3795	0	
0.38225	0	
0.385	0	
0.38775	0	
0.3905	0	
0.39325	0	
0.396	0	
0.39875	0	
0.4015	0	
0.40425	0	
0.407	0	
0.40975	0	
0.4125	0	
0.41525	0	
0.418	0	
0.42075	0	
0.4235	0	
0.42625	0	
0.429	0	
0.43175	0	
0.4345	0	
0.43725	0	
0.44	0	
0.44275	0	
0.4455	0	
0.44825	0	
0.451	0	
0.45375	0	
0.4565	0	
0.45925	0	
0.462	0	
0.46475	0	
0.4675	0	
0.47025	0	
0.473	0	
0.47575	0	
0.4785	0	
0.48125	0	
0.484	0	
0.48675	0	
0.4895	0	
0.49225	0	
0.495	0	
0.49775	0	
0.5005	0	
0.50325	0	
0.506	0	
0.50875	0	
0.5115	0	
0.51425	0	
0.517	0.000101937	
0.51975	0	
0.5225	0	
0.52525	0	
0.528	0	
0.53075	0	
0.5335	0	
0.53625	0	
0.539	0	
0.54175	0	
0.5445	0	
0.54725	0	
0.55	0	
0.55275	0	
0.5555	0	
0.55825	0	
0.561	0	
0.56375	0	
0.5665	0	
0.56925	0	
0.572	0	
0.57475	0	
0.5775	0	
0.58025	0	
0.583	0	
0.58575	0	
0.5885	0	
0.59125	0	
0.594	0	
0.59675	0	
0.5995	0	
0.60225	0	
0.605	0	
0.60775	0	
0.6105	0	
0.61325	0	
0.616	0	
0.61875	0.000101937	
0.6215	0	
0.62425	0	
0.627	0	
0.62975	0	
0.6325	0	
0.63525	0	
0.638	0	
0.64075	0	
0.6435	0	
0.64625	0	
0.649	0	
0.65175	0	
0.6545	0	
0.65725	0	
0.66	0	
0.66275	0	
0.6655	0	
0.66825	0	
0.671	0	
0.67375	0	
0.6765	0	
0.67925	0	
0.682	0	
0.68475	0	
0.6875	0	
0.69025	0	
0.693	0	
0.69575	0	
0.6985	0	
0.70125	0	
0.704	0	
0.70675	0	
0.7095	0	
0.71225	0	
0.715	0	
0.71775	0	
0.7205	0	
0.72325	0	
0.726	0	
0.72875	0	
0.7315	0	
0.73425	0	
0.737	0	
0.73975	0	
0.7425	0	
0.74525	0	
0.748	0	
0.75075	0	
0.7535	0	
0.75625	0	
0.759	0	
0.76175	0	
0.7645	0	
0.76725	0	
0.77	0	
0.77275	0	
0.7755	0	
0.77825	0	
0.781	0	
0.78375	0	
0.7865	0	
0.78925	0	
0.792	0	
0.79475	0	
0.7975	0	
0.80025	0	
0.803	0	
0.80575	0	
0.8085	0	
0.81125	0	
0.814	0	
0.81675	0	
0.8195	0	
0.82225	0	
0.825	0	
0.82775	0	
0.8305	0	
0.83325	0	
0.836	0	
0.83875	0	
0.8415	0	
0.84425	0	
0.847	0	
0.84975	0	
0.8525	0	
0.85525	0	
0.858	0	
0.86075	0	
0.8635	0	
0.86625	0	
0.869	0	
0.87175	0	
0.8745	0	
0.87725	0	
0.88	0	
0.88275	0	
0.8855	0	
0.88825	0	
0.891	0	
0.89375	0	
0.8965	0	
0.89925	0	
0.902	0	
0.90475	0	
0.9075	0	
0.91025	0	
0.913	0	
0.91575	0	
0.9185	0	
0.92125	0	
0.924	0	
0.92675	0	
0.9295	0	
0.93225	0.000101937	
0.935	0	
0.93775	0	
0.9405	0	
0.94325	0	
0.946	0	
0.94875	0	
0.9515	0	
0.95425	0	
0.957	0	
0.95975	0	
0.9625	0	
0.96525	0	
0.968	0.000101937	
0.97075	0.000101937	
0.9735	0.000101937	
0.97625	0.000101937	
0.979	0.000101937	
0.98175	0.000101937	
0.9845	0.000203874	
0.98725	0.000203874	
0.99	0.000203874	
0.99275	0.000203874	
0.9955	0.000203874	
0.99825	0.000203874	
1.001	0.000203874	
1.00375	0.000203874	
1.0065	0.000203874	
1.00925	0.000203874	
1.012	0.000203874	
1.01475	0.000203874	
1.0175	0.00030581	
1.02025	0.00030581	
1.023	0.00030581	
1.02575	0.00030581	
1.0285	0.00030581	
1.03125	0.00030581	
1.034	0.000407747	
1.03675	0.000407747	
1.0395	0.000407747	
1.04225	0.000407747	
1.045	0.000407747	
1.04775	0.000407747	
1.0505	0.000407747	
1.05325	0.000407747	
1.056	0.000407747	
1.05875	0.000407747	
1.0615	0.000407747	
1.06425	0.000407747	
1.067	0.000407747	
1.06975	0.000509684	
1.0725	0.000509684	
1.07525	0.000509684	
1.078	0.000509684	
1.08075	0.000509684	
1.0835	0.000611621	
1.08625	0.000611621	
1.089	0.000611621	
1.09175	0.000611621	
1.0945	0.000611621	
1.09725	0.000611621	
1.1	0.000611621	
1.10275	0.000611621	
1.1055	0.000611621	
1.10825	0.000611621	
1.111	0.000611621	
1.11375	0.000611621	
1.1165	0.000713558	
1.11925	0.000713558	
1.122	0.000713558	
1.12475	0.000713558	
1.1275	0.000713558	
1.13025	0.000713558	
1.133	0.000713558	
1.13575	0.000713558	
1.1385	0.000713558	
1.14125	0.000713558	
1.144	0.000713558	
1.14675	0.000713558	
1.1495	0.000815494	
1.15225	0.000815494	
1.155	0.000815494	
1.15775	0.000815494	
1.1605	0.000815494	
1.16325	0.000917431	
1.166	0.000917431	
1.16875	0.000917431	
1.1715	0.000917431	
1.17425	0.000917431	
1.177	0.000917431	
1.17975	0.000917431	
1.1825	0.000917431	
1.18525	0.000917431	
1.188	0.000917431	
1.19075	0.00101937	
1.1935	0.00101937	
1.19625	0.00101937	
1.199	0.00101937	
1.20175	0.00101937	
1.2045	0.0011213	
1.20725	0.0011213	
1.21	0.0011213	
1.21275	0.0011213	
1.2155	0.0011213	
1.21825	0.0011213	
1.221	0.0011213	
1.22375	0.0011213	
1.2265	0.0011213	
1.22925	0.00122324	
1.232	0.00122324	
1.23475	0.00122324	
1.2375	0.00122324	
1.24025	0.00132518	
1.243	0.00132518	
1.24575	0.00132518	
1.2485	0.00132518	
1.25125	0.00132518	
1.254	0.00132518	
1.25675	0.00132518	
1.2595	0.00132518	
1.26225	0.00132518	
1.265	0.00132518	
1.26775	0.00142712	
1.2705	0.00142712	
1.27325	0.00142712	
1.276	0.00142712	
1.27875	0.00142712	
1.2815	0.00152905	
1.28425	0.00152905	
1.287	0.00152905	
1.28975	0.00152905	
1.2925	0.00163099	
1.29525	0.00163099	
1.298	0.00163099	
1.30075	0.00163099	
1.3035	0.00163099	
1.30625	0.00163099	
1.309	0.00163099	
1.31175	0.00163099	
1.3145	0.00163099	
1.31725	0.00173293	
1.32	0.00173293	
1.32275	0.00173293	
1.3255	0.00173293	
1.32825	0.00183486	
1.331	0.00183486	
1.33375	0.00183486	
1.3365	0.00183486	
1.33925	0.00183486	
1.342	0.00183486	
1.34475	0.00183486	
1.3475	0.00183486	
1.35025	0.00183486	
1.353	0.00183486	
1.35575	0.0019368	
1.3585	0.0019368	
1.36125	0.0019368	
1.364	0.0019368	
1.36675	0.0019368	
1.3695	0.00203874	
1.37225	0.00203874	
1.375	0.00203874	
1.37775	0.00203874	
1.3805	0.00203874	
1.38325	0.00203874	
1.386	0.00203874	
1.38875	0.00203874	
1.3915	0.00203874	
1.39425	0.00214067	
1.397	0.00214067	
1.39975	0.00214067	
1.4025	0.00214067	
1.40525	0.00224261	
1.408	0.00224261	
1.41075	0.00224261	
1.4135	0.00224261	
1.41625	0.00224261	
1.419	0.00224261	
1.42175	0.00224261	
1.4245	0.00224261	
1.42725	0.00234455	
1.43	0.00234455	
1.43275	0.00234455	
1.4355	0.00234455	
1.43825	0.00244648	
1.441	0.00244648	
1.44375	0.00244648	
1.4465	0.00244648	
1.44925	0.00244648	
1.452	0.00244648	
1.45475	0.00244648	
1.4575	0.00244648	
1.46025	0.00254842	
1.463	0.00254842	
1.46575	0.00254842	
1.4685	0.00254842	
1.47125	0.00265036	
1.474	0.00265036	
1.47675	0.00265036	
1.4795	0.00265036	
1.48225	0.00265036	
1.485	0.00265036	
1.48775	0.00265036	
1.4905	0.00265036	
1.49325	0.00275229	
1.496	0.00275229	
1.49875	0.00275229	
1.5015	0.00275229	
1.50425	0.00285423	
1.507	0.00285423	
1.50975	0.00285423	
1.5125	0.00295617	
1.51525	0.00295617	
1.518	0.00295617	
1.52075	0.00295617	
1.5235	0.00295617	
1.52625	0.00295617	
1.529	0.0030581	
1.53175	0.0030581	
1.5345	0.0030581	
1.53725	0.0030581	
1.54	0.0030581	
1.54275	0.0030581	
1.5455	0.0030581	
1.54825	0.0030581	
1.551	0.00316004	
1.55375	0.00316004	
1.5565	0.00326198	
1.55925	0.00326198	
1.562	0.00326198	
1.56475	0.00336391	
1.5675	0.00336391	
1.57025	0.00346585	
1.573	0.00346585	
1.57575	0.00356779	
1.5785	0.00356779	
1.58125	0.00366972	
1.584	0.00366972	
1.58675	0.00366972	
1.5895	0.00366972	
1.59225	0.00377166	
1.595	0.0038736	
1.59775	0.0038736	
1.6005	0.00397554	
1.60325	0.00397554	
1.606	0.00397554	
1.60875	0.00407747	
1.6115	0.00407747	
1.61425	0.00407747	
1.617	0.00417941	
1.61975	0.00417941	
1.6225	0.00428135	
1.62525	0.00428135	
1.628	0.00438328	
1.63075	0.00438328	
1.6335	0.00438328	
1.63625	0.00448522	
1.639	0.00448522	
1.64175	0.00458716	
1.6445	0.00468909	
1.64725	0.00468909	
1.65	0.00468909	
1.65275	0.00479103	
1.6555	0.00479103	
1.65825	0.00489297	
1.661	0.00489297	
1.66375	0.00489297	
1.6665	0.00509684	
1.66925	0.00530071	
1.672	0.0058104	
1.67475	0.00733945	
1.6775	0.00805301	
1.68025	0.00876656	
1.683	0.0102956	
1.68575	0.0111111	
1.6885	0.0126402	
1.69125	0.0133537	
1.694	0.0141692	
1.69675	0.0156983	
1.6995	0.0165138	
1.70225	0.0172273	
1.705	0.0187564	
1.70775	0.0194699	
1.7105	0.020999	
1.71325	0.0218145	
1.716	0.022528	
1.71875	0.024159	
1.7215	0.0250765	
1.72425	0.02579	
1.727	0.0273191	
1.72975	0.0280326	
1.7325	0.0288481	
1.73525	0.0303772	
1.738	0.0311927	
1.74075	0.0327217	
1.7435	0.0334353	
1.74625	0.0342508	
1.749	0.0357798	
1.75175	0.0365953	
1.7545	0.0373089	
1.75725	0.0388379	
1.76	0.0396534	
1.76275	0.0404689	
1.7655	0.0420999	
1.76825	0.0429154	
1.771	0.0443425	
1.77375	0.045158	
1.7765	0.0458716	
1.77925	0.0474006	
1.782	0.0481142	
1.78475	0.0488277	
1.7875	0.0503568	
1.79025	0.0510703	
1.793	0.0518858	
1.79575	0.0533129	
1.7985	0.0540265	
1.80125	0.0555556	
1.804	0.0562691	
1.80675	0.058104	
1.8095	0.0582059	
1.81225	0.0590214	
1.815	0.059633	
1.81775	0.0609582	
1.8205	0.0615698	
1.82325	0.0621814	
1.826	0.0636086	
1.82875	0.0641182	
1.8315	0.0649337	
1.83425	0.066157	
1.837	0.0667686	
1.83975	0.0678899	
1.8425	0.0685015	
1.84525	0.0691131	
1.848	0.0703364	
1.85075	0.0710499	
1.8535	0.0715596	
1.85625	0.0727829	
1.859	0.0733945	
1.86175	0.0746177	
1.8645	0.0753313	
1.86725	0.0759429	
1.87	0.0771662	
1.87275	0.0777778	
1.8755	0.0783894	
1.87825	0.0795107	
1.881	0.0801223	
1.88375	0.0812436	
1.8865	0.0817533	
1.88925	0.082263	
1.892	0.0832824	
1.89475	0.083894	
1.8975	0.0844037	
1.90025	0.0856269	
1.903	0.0862385	
1.90575	0.0867482	
1.9085	0.0879715	
1.91125	0.0884811	
1.914	0.0896024	
1.91675	0.0902141	
1.9195	0.0908257	
1.92225	0.091947	
1.925	0.0925586	
1.92775	0.0936799	
1.9305	0.0942915	
1.93325	0.0948012	
1.936	0.0959225	
1.93875	0.0964322	
1.9415	0.0970438	
1.94425	0.0981651	
1.947	0.0986748	
1.94975	0.0992864	
1.9525	0.100408	
1.95525	0.101019	
1.958	0.102141	
1.96075	0.10265	
1.9635	0.103262	
1.96625	0.104383	
1.969	0.104995	
1.97175	0.105607	
1.9745	0.106728	
1.97725	0.107339	
1.98	0.107747	
1.98275	0.10897	
1.9855	0.109582	
1.98825	0.110601	
1.991	0.111213	
1.99375	0.111723	
1.9965	0.112844	
1.99925	0.113354	
2.002	0.113863	
2.00475	0.114985	
2.0075	0.115494	
2.01025	0.116106	
2.013	0.116922	
2.01575	0.117125	
2.0185	0.117329	
2.02125	0.117533	
2.024	0.117635	
2.02675	0.117941	
2.0295	0.118043	
2.03225	0.118145	
2.035	0.118451	
2.03775	0.118552	
2.0405	0.118858	
2.04325	0.11896	
2.046	0.119062	
2.04875	0.119368	
2.0515	0.11947	
2.05425	0.119572	
2.057	0.119878	
2.05975	0.11998	
2.0625	0.120285	
2.06525	0.120387	
2.068	0.120591	
2.07075	0.120795	
2.0735	0.120897	
2.07625	0.121101	
2.079	0.121305	
2.08175	0.121509	
2.0845	0.121713	
2.08725	0.121814	
2.09	0.122018	
2.09275	0.122222	
2.0955	0.122426	
2.09825	0.122528	
2.101	0.122732	
2.10375	0.122936	
2.1065	0.12314	
2.10925	0.123344	
2.112	0.123445	
2.11475	0.123649	
2.1175	0.123853	
2.12025	0.124057	
2.123	0.124261	
2.12575	0.124363	
2.1285	0.124669	
2.13125	0.124771	
2.134	0.124873	
2.13675	0.125178	
2.1395	0.12528	
2.14225	0.125586	
2.145	0.125688	
2.14775	0.12579	
2.1505	0.126096	
2.15325	0.126198	
2.156	0.1263	
2.15875	0.126606	
2.1615	0.126707	
2.16425	0.127013	
2.167	0.127115	
2.16975	0.127319	
2.1725	0.127523	
2.17525	0.127625	
2.178	0.127829	
2.18075	0.128033	
2.1835	0.128236	
2.18625	0.12844	
2.189	0.128644	
2.19175	0.128746	
2.1945	0.129052	
2.19725	0.129154	
2.2	0.129256	
2.20275	0.129562	
2.2055	0.129766	
2.20825	0.129969	
2.211	0.130173	
2.21375	0.130275	
2.2165	0.130479	
2.21925	0.130683	
2.222	0.130785	
2.22475	0.131091	
2.2275	0.131193	
2.23025	0.131498	
2.233	0.1316	
2.23575	0.131804	
2.2385	0.132008	
2.24125	0.132212	
2.244	0.132314	
2.24675	0.13262	
2.2495	0.132722	
2.25225	0.133028	
2.255	0.133129	
2.25775	0.133333	
2.2605	0.133537	
2.26325	0.133639	
2.266	0.133843	
2.26875	0.134149	
2.2715	0.134251	
2.27425	0.134353	
2.277	0.134659	
2.27975	0.134862	
2.2825	0.135066	
2.28525	0.135168	
2.288	0.135372	
2.29075	0.135576	
2.2935	0.13578	
2.29625	0.135882	
2.299	0.136188	
2.30175	0.13629	
2.3045	0.136595	
2.30725	0.136697	
2.31	0.136799	
2.31275	0.137105	
2.3155	0.137207	
2.31825	0.137513	
2.321	0.137717	
2.32375	0.137819	
2.3265	0.138022	
2.32925	0.138226	
2.332	0.138328	
2.33475	0.138634	
2.3375	0.138736	
2.34025	0.139042	
2.343	0.139144	
2.34575	0.139348	
2.3485	0.139551	
2.35125	0.139755	
2.354	0.139857	
2.35675	0.140163	
2.3595	0.140265	
2.36225	0.140571	
2.365	0.140673	
2.36775	0.140877	
2.3705	0.141081	
2.37325	0.141284	
2.376	0.14159	
2.37875	0.141692	
2.3815	0.141794	
2.38425	0.1421	
2.387	0.142202	
2.38975	0.142406	
2.3925	0.142712	
2.39525	0.142813	
2.398	0.143119	
2.40075	0.143221	
2.4035	0.143323	
2.40625	0.143629	
2.409	0.143833	
2.41175	0.144037	
2.4145	0.144241	
2.41725	0.144343	
2.42	0.144648	
2.42275	0.14475	
2.4255	0.144954	
2.42825	0.145158	
2.431	0.145362	
2.43375	0.145668	
2.4365	0.14577	
2.43925	0.145973	
2.442	0.146177	
2.44475	0.146381	
2.4475	0.146483	
2.45025	0.146789	
2.453	0.146891	
2.45575	0.147197	
2.4585	0.147401	
2.46125	0.147503	
2.464	0.147808	
2.46675	0.14791	
2.4695	0.148216	
2.47225	0.148318	
2.475	0.148522	
2.47775	0.148726	
2.4805	0.14893	
2.48325	0.149032	
2.486	0.149337	
2.48875	0.149541	
2.4915	0.149745	
2.49425	0.149949	
2.497	0.150051	
2.49975	0.150357	
2.5025	0.150459	
2.50525	0.150765	
2.508	0.150968	
2.51075	0.15107	
2.5135	0.151376	
2.51625	0.151478	
2.519	0.15158	
2.52175	0.151886	
2.5245	0.15209	
2.52725	0.152294	
2.53	0.152497	
2.53275	0.152599	
2.5355	0.152905	
2.53825	0.153007	
2.541	0.153313	
2.54375	0.153517	
2.5465	0.153619	
2.54925	0.153925	
2.552	0.154128	
2.55475	0.154332	
2.5575	0.154536	
2.56025	0.154638	
2.563	0.154944	
2.56575	0.155046	
2.5685	0.15525	
2.57125	0.155556	
2.574	0.155657	
2.57675	0.155963	
2.5795	0.156065	
2.58225	0.156269	
2.585	0.156575	
2.58775	0.156677	
2.5905	0.156983	
2.59325	0.157085	
2.596	0.157288	
2.59875	0.157594	
2.6015	0.157696	
2.60425	0.1579	
2.607	0.158104	
2.60975	0.158308	
2.6125	0.15841	
2.61525	0.158716	
2.618	0.158919	
2.62075	0.159225	
2.6235	0.159327	
2.62625	0.159429	
2.629	0.159735	
2.63175	0.159939	
2.6345	0.160245	
2.63725	0.160347	
2.64	0.16055	
2.64275	0.160856	
2.6455	0.160958	
2.64825	0.16106	
2.651	0.161366	
2.65375	0.16157	
2.6565	0.161876	
2.65925	0.161978	
2.662	0.162181	
2.66475	0.162487	
2.6675	0.162589	
2.67025	0.162793	
2.673	0.162997	
2.67575	0.163201	
2.6785	0.163507	
2.68125	0.163609	
2.684	0.163812	
2.68675	0.164118	
2.6895	0.16422	
2.69225	0.164424	
2.695	0.16473	
2.69775	0.164832	
2.7005	0.165138	
2.70325	0.165341	
2.706	0.165443	
2.70875	0.165749	
2.7115	0.165851	
2.71425	0.166055	
2.717	0.166361	
2.71975	0.166463	
2.7225	0.166769	
2.72525	0.166972	
2.728	0.167074	
2.73075	0.16738	
2.7335	0.167584	
2.73625	0.16789	
2.739	0.167992	
2.74175	0.168196	
2.7445	0.168502	
2.74725	0.168603	
2.75	0.168705	
2.74725	0.169011	
2.7445	0.169215	
2.74175	0.169215	
2.739	0.169011	
2.73625	0.168909	
2.7335	0.168502	
2.73075	0.168298	
2.728	0.16789	
2.72525	0.167686	
2.7225	0.167584	
2.71975	0.167176	
2.717	0.166972	
2.71425	0.166565	
2.7115	0.166361	
2.70875	0.166157	
2.706	0.165851	
2.70325	0.165647	
2.7005	0.165443	
2.69775	0.165036	
2.695	0.164934	
2.69225	0.16473	
2.6895	0.164322	
2.68675	0.164118	
2.684	0.163812	
2.68125	0.163609	
2.6785	0.163405	
2.67575	0.163099	
2.673	0.162895	
2.67025	0.162691	
2.6675	0.162283	
2.66475	0.162181	
2.662	0.161774	
2.65925	0.16157	
2.6565	0.161468	
2.65375	0.16106	
2.651	0.160958	
2.64825	0.160754	
2.6455	0.160449	
2.64275	0.160245	
2.64	0.159939	
2.63725	0.159735	
2.6345	0.159531	
2.63175	0.159225	
2.629	0.159021	
2.62625	0.158919	
2.6235	0.158512	
2.62075	0.15841	
2.618	0.158002	
2.61525	0.1579	
2.6125	0.157696	
2.60975	0.15739	
2.607	0.157187	
2.60425	0.157085	
2.6015	0.156779	
2.59875	0.156575	
2.596	0.156371	
2.59325	0.156065	
2.5905	0.155963	
2.58775	0.155657	
2.585	0.155454	
2.58225	0.155352	
2.5795	0.155046	
2.57675	0.154842	
2.574	0.154536	
2.57125	0.154434	
2.5685	0.15423	
2.56575	0.153925	
2.563	0.153823	
2.56025	0.153619	
2.5575	0.153313	
2.55475	0.153211	
2.552	0.152905	
2.54925	0.152701	
2.5465	0.152599	
2.54375	0.152192	
2.541	0.15209	
2.53825	0.151784	
2.5355	0.15158	
2.53275	0.151478	
2.53	0.151172	
2.52725	0.15107	
2.5245	0.150765	
2.52175	0.150561	
2.519	0.150459	
2.51625	0.150153	
2.5135	0.149949	
2.51075	0.149745	
2.508	0.149541	
2.50525	0.149337	
2.5025	0.149134	
2.49975	0.14893	
2.497	0.148726	
2.49425	0.148522	
2.4915	0.148318	
2.48875	0.148012	
2.486	0.14791	
2.48325	0.147706	
2.4805	0.147401	
2.47775	0.147299	
2.475	0.147095	
2.47225	0.146789	
2.4695	0.146687	
2.46675	0.146381	
2.464	0.146177	
2.46125	0.146075	
2.4585	0.14577	
2.45575	0.145668	
2.453	0.145362	
2.45025	0.14526	
2.4475	0.145056	
2.44475	0.14475	
2.442	0.144648	
2.43925	0.144444	
2.4365	0.144241	
2.43375	0.144037	
2.431	0.143731	
2.42825	0.143629	
2.4255	0.143425	
2.42275	0.143119	
2.42	0.143017	
2.41725	0.142712	
2.4145	0.14261	
2.41175	0.142406	
2.409	0.1421	
2.40625	0.141998	
2.4035	0.141794	
2.40075	0.14159	
2.398	0.141386	
2.39525	0.141081	
2.3925	0.140979	
2.38975	0.140673	
2.387	0.140571	
2.38425	0.140367	
2.3815	0.140163	
2.37875	0.139959	
2.376	0.139857	
2.37325	0.139551	
2.3705	0.139348	
2.36775	0.139144	
2.365	0.13894	
2.36225	0.138838	
2.3595	0.138532	
2.35675	0.13843	
2.354	0.138124	
2.35125	0.13792	
2.3485	0.137819	
2.34575	0.137513	
2.343	0.137411	
2.34025	0.137207	
2.3375	0.137003	
2.33475	0.136799	
2.332	0.136697	
2.32925	0.136391	
2.3265	0.13629	
2.32375	0.135984	
2.321	0.135882	
2.31825	0.135678	
2.3155	0.135474	
2.31275	0.13527	
2.31	0.135066	
2.30725	0.134862	
2.3045	0.13476	
2.30175	0.134455	
2.299	0.134353	
2.29625	0.134251	
2.2935	0.133945	
2.29075	0.133843	
2.288	0.133537	
2.28525	0.133435	
2.2825	0.133231	
2.27975	0.133028	
2.277	0.132824	
2.27425	0.132722	
2.2715	0.132416	
2.26875	0.132314	
2.266	0.132008	
2.26325	0.131906	
2.2605	0.131702	
2.25775	0.131498	
2.255	0.131295	
2.25225	0.131193	
2.2495	0.130887	
2.24675	0.130785	
2.244	0.130479	
2.24125	0.130377	
2.2385	0.130173	
2.23575	0.129969	
2.233	0.129766	
2.23025	0.129664	
2.2275	0.129358	
2.22475	0.129256	
2.222	0.128848	
2.21925	0.128848	
2.2165	0.128746	
2.21375	0.12844	
2.211	0.128236	
2.20825	0.128135	
2.2055	0.127829	
2.20275	0.127727	
2.2	0.127523	
2.19725	0.127319	
2.1945	0.127115	
2.19175	0.126911	
2.189	0.126707	
2.18625	0.126606	
2.1835	0.126402	
2.18075	0.126198	
2.178	0.126096	
2.17525	0.12579	
2.1725	0.125688	
2.16975	0.125382	
2.167	0.12528	
2.16425	0.125076	
2.1615	0.124873	
2.15875	0.124771	
2.156	0.124465	
2.15325	0.124261	
2.1505	0.124159	
2.14775	0.123955	
2.145	0.123751	
2.14225	0.123649	
2.1395	0.123344	
2.13675	0.123242	
2.134	0.122936	
2.13125	0.122834	
2.1285	0.122732	
2.12575	0.122426	
2.123	0.122324	
2.12025	0.122222	
2.1175	0.121916	
2.11475	0.121814	
2.112	0.121509	
2.10925	0.121407	
2.1065	0.121203	
2.10375	0.120999	
2.101	0.120795	
2.09825	0.120693	
2.0955	0.120489	
2.09275	0.120285	
2.09	0.120082	
2.08725	0.119878	
2.0845	0.119776	
2.08175	0.119572	
2.079	0.119368	
2.07625	0.119266	
2.0735	0.11896	
2.07075	0.118858	
2.068	0.118654	
2.06525	0.118451	
2.0625	0.118349	
2.05975	0.118145	
2.057	0.117941	
2.05425	0.117839	
2.0515	0.117533	
2.04875	0.117431	
2.046	0.117329	
2.04325	0.117023	
2.0405	0.116922	
2.03775	0.116616	
2.035	0.116514	
2.03225	0.116412	
2.0295	0.116106	
2.02675	0.116004	
2.024	0.1158	
2.02125	0.115596	
2.0185	0.115494	
2.01575	0.115189	
2.013	0.115087	
2.01025	0.114679	
2.0075	0.114067	
2.00475	0.113456	
2.002	0.112232	
1.99925	0.111519	
1.9965	0.110907	
1.99375	0.109684	
1.991	0.109072	
1.98825	0.108461	
1.9855	0.107136	
1.98275	0.106422	
1.98	0.10581	
1.97725	0.104485	
1.9745	0.103874	
1.97175	0.10265	
1.969	0.101937	
1.96625	0.101325	
1.9635	0.100102	
1.96075	0.0993884	
1.958	0.0987768	
1.95525	0.0975535	
1.9525	0.0969419	
1.94975	0.0956167	
1.947	0.0950051	
1.94425	0.0943935	
1.9415	0.0931702	
1.93875	0.0925586	
1.936	0.091947	
1.93325	0.0907238	
1.9305	0.0900102	
1.92775	0.088787	
1.925	0.0881753	
1.92225	0.0874618	
1.9195	0.0862385	
1.91675	0.085525	
1.914	0.0849134	
1.91125	0.0835882	
1.9085	0.0828746	
1.90575	0.0816514	
1.903	0.0809378	
1.90025	0.0803262	
1.8975	0.079001	
1.89475	0.0782875	
1.892	0.0776758	
1.88925	0.0762487	
1.8865	0.0755352	
1.88375	0.0749235	
1.881	0.0735984	
1.87825	0.0728848	
1.8755	0.0715596	
1.87275	0.070948	
1.87	0.0703364	
1.86725	0.0690112	
1.8645	0.0683996	
1.86175	0.067686	
1.859	0.0663609	
1.85625	0.0656473	
1.8535	0.0644241	
1.85075	0.0637105	
1.848	0.0630989	
1.84525	0.0616718	
1.8425	0.0609582	
1.83975	0.0602446	
1.837	0.0589195	
1.83425	0.0583078	
1.8315	0.0575943	
1.82875	0.056371	
1.826	0.0557594	
1.82325	0.0544343	
1.8205	0.0538226	
1.81775	0.053211	
1.815	0.0519878	
1.81225	0.0513761	
1.8095	0.0507645	
1.80675	0.0495413	
1.804	0.0488277	
1.80125	0.0481142	
1.7985	0.0468909	
1.79575	0.0461774	
1.793	0.0449541	
1.79025	0.0442406	
1.7875	0.043629	
1.78475	0.0423038	
1.782	0.0416922	
1.77925	0.0409786	
1.7765	0.0397554	
1.77375	0.0391437	
1.771	0.0385321	
1.76825	0.0373089	
1.7655	0.0365953	
1.76275	0.0353721	
1.76	0.0346585	
1.75725	0.033945	
1.7545	0.0326198	
1.75175	0.0320082	
1.749	0.0313965	
1.74625	0.0300714	
1.7435	0.0294597	
1.74075	0.0288481	
1.738	0.0276249	
1.73525	0.0270133	
1.7325	0.02579	
1.72975	0.0251784	
1.727	0.0245668	
1.72425	0.0232416	
1.7215	0.022528	
1.71875	0.0219164	
1.716	0.0206932	
1.71325	0.0200815	
1.7105	0.0194699	
1.70775	0.0182467	
1.705	0.0176351	
1.70225	0.0164118	
1.6995	0.0158002	
1.69675	0.0151886	
1.694	0.0139653	
1.69125	0.0133537	
1.6885	0.0126402	
1.68575	0.0115189	
1.683	0.0109072	
1.68025	0.0102956	
1.6775	0.00907238	
1.67475	0.00846075	
1.672	0.00733945	
1.66925	0.00672783	
1.6665	0.00611621	
1.66375	0.0049949	
1.661	0.00458716	
1.65825	0.00448522	
1.6555	0.00438328	
1.65275	0.00438328	
1.65	0.00428135	
1.64725	0.00428135	
1.6445	0.00428135	
1.64175	0.00417941	
1.639	0.00417941	
1.63625	0.00417941	
1.6335	0.00407747	
1.63075	0.00407747	
1.628	0.00397554	
1.62525	0.00397554	
1.6225	0.0038736	
1.61975	0.0038736	
1.617	0.00377166	
1.61425	0.00377166	
1.6115	0.00377166	
1.60875	0.00377166	
1.606	0.00377166	
1.60325	0.00366972	
1.6005	0.00366972	
1.59775	0.00356779	
1.595	0.00356779	
1.59225	0.00356779	
1.5895	0.00346585	
1.58675	0.00346585	
1.584	0.00346585	
1.58125	0.00336391	
1.5785	0.00336391	
1.57575	0.00326198	
1.573	0.00326198	
1.57025	0.00326198	
1.5675	0.00316004	
1.56475	0.00316004	
1.562	0.00316004	
1.55925	0.00316004	
1.5565	0.0030581	
1.55375	0.0030581	
1.551	0.0030581	
1.54825	0.0030581	
1.5455	0.00295617	
1.54275	0.00295617	
1.54	0.00295617	
1.53725	0.00295617	
1.5345	0.00295617	
1.53175	0.00295617	
1.529	0.00295617	
1.52625	0.00295617	
1.5235	0.00285423	
1.52075	0.00285423	
1.518	0.00285423	
1.51525	0.00285423	
1.5125	0.00275229	
1.50975	0.00275229	
1.507	0.00275229	
1.50425	0.00275229	
1.5015	0.00275229	
1.49875	0.00275229	
1.496	0.00275229	
1.49325	0.00265036	
1.4905	0.00265036	
1.48775	0.00265036	
1.485	0.00265036	
1.48225	0.00254842	
1.4795	0.00254842	
1.47675	0.00254842	
1.474	0.00254842	
1.47125	0.00244648	
1.4685	0.00244648	
1.46575	0.00244648	
1.463	0.00244648	
1.46025	0.00244648	
1.4575	0.00244648	
1.45475	0.00244648	
1.452	0.00244648	
1.44925	0.00234455	
1.4465	0.00234455	
1.44375	0.00234455	
1.441	0.00234455	
1.43825	0.00234455	
1.4355	0.00224261	
1.43275	0.00224261	
1.43	0.00224261	
1.42725	0.00224261	
1.4245	0.00224261	
1.42175	0.00224261	
1.419	0.00224261	
1.41625	0.00224261	
1.4135	0.00214067	
1.41075	0.00214067	
1.408	0.00214067	
1.40525	0.00214067	
1.4025	0.00214067	
1.39975	0.00203874	
1.397	0.00203874	
1.39425	0.00203874	
1.3915	0.00203874	
1.38875	0.00203874	
1.386	0.00203874	
1.38325	0.00203874	
1.3805	0.00203874	
1.37775	0.00203874	
1.375	0.0019368	
1.37225	0.0019368	
1.3695	0.0019368	
1.36675	0.0019368	
1.364	0.0019368	
1.36125	0.00183486	
1.3585	0.00183486	
1.35575	0.00183486	
1.353	0.00183486	
1.35025	0.00183486	
1.3475	0.00183486	
1.34475	0.00183486	
1.342	0.00183486	
1.33925	0.00183486	
1.3365	0.00183486	
1.33375	0.00173293	
1.331	0.00173293	
1.32825	0.00173293	
1.3255	0.00163099	
1.32275	0.00163099	
1.32	0.00163099	
1.31725	0.00163099	
1.3145	0.00163099	
1.31175	0.00163099	
1.309	0.00163099	
1.30625	0.00163099	
1.3035	0.00163099	
1.30075	0.00163099	
1.298	0.00163099	
1.29525	0.00152905	
1.2925	0.00152905	
1.28975	0.00152905	
1.287	0.00152905	
1.28425	0.00152905	
1.2815	0.00142712	
1.27875	0.00142712	
1.276	0.00142712	
1.27325	0.00142712	
1.2705	0.00142712	
1.26775	0.00142712	
1.265	0.00142712	
1.26225	0.00142712	
1.2595	0.00142712	
1.25675	0.00132518	
1.254	0.00132518	
1.25125	0.00132518	
1.2485	0.00132518	
1.24575	0.00132518	
1.243	0.00122324	
1.24025	0.00122324	
1.2375	0.00122324	
1.23475	0.00122324	
1.232	0.00122324	
1.22925	0.0011213	
1.2265	0.0011213	
1.22375	0.0011213	
1.221	0.0011213	
1.21825	0.0011213	
1.2155	0.0011213	
1.21275	0.0011213	
1.21	0.0011213	
1.20725	0.0011213	
1.2045	0.0011213	
1.20175	0.00101937	
1.199	0.00101937	
1.19625	0.00101937	
1.1935	0.00101937	
1.19075	0.000917431	
1.188	0.000917431	
1.18525	0.000917431	
1.1825	0.000917431	
1.17975	0.000917431	
1.177	0.000917431	
1.17425	0.000917431	
1.1715	0.000917431	
1.16875	0.000917431	
1.166	0.000917431	
1.16325	0.000917431	
1.1605	0.000815494	
1.15775	0.000815494	
1.155	0.000815494	
1.15225	0.000815494	
1.1495	0.000815494	
1.14675	0.000815494	
1.144	0.000815494	
1.14125	0.000713558	
1.1385	0.000713558	
1.13575	0.000713558	
1.133	0.000713558	
1.13025	0.000713558	
1.1275	0.000713558	
1.12475	0.000713558	
1.122	0.000713558	
1.11925	0.000713558	
1.1165	0.000713558	
1.11375	0.000713558	
1.111	0.000713558	
1.10825	0.000713558	
1.1055	0.000611621	
1.10275	0.000611621	
1.1	0.000611621	
1.09725	0.000611621	
1.0945	0.000611621	
1.09175	0.000611621	
1.089	0.000611621	
1.08625	0.000509684	
1.0835	0.000509684	
1.08075	0.000509684	
1.078	0.000509684	
1.07525	0.000509684	
1.0725	0.000509684	
1.06975	0.000509684	
1.067	0.000509684	
1.06425	0.000509684	
1.0615	0.000509684	
1.05875	0.000509684	
1.056	0.000509684	
1.05325	0.000407747	
1.0505	0.000407747	
1.04775	0.000407747	
1.045	0.000407747	
1.04225	0.000407747	
1.0395	0.000407747	
1.03675	0.000407747	
1.034	0.000407747	
1.03125	0.000407747	
1.0285	0.000407747	
1.02575	0.000407747	
1.023	0.000407747	
1.02025	0.000407747	
1.0175	0.00030581	
1.01475	0.00030581	
1.012	0.00030581	
1.00925	0.00030581	
1.0065	0.00030581	
1.00375	0.00030581	
1.001	0.000203874	
0.99825	0.000203874	
0.9955	0.000203874	
0.99275	0.000203874	
0.99	0.000203874	
0.98725	0.000203874	
0.9845	0.000203874	
0.98175	0.000203874	
0.979	0.000203874	
0.97625	0.000203874	
0.9735	0.000203874	
0.97075	0.000203874	
0.968	0.000203874	
0.96525	0.000101937	
0.9625	0.000101937	
0.95975	0.000101937	
0.957	0.000101937	
0.95425	0.000101937	
0.9515	0.000101937	
0.94875	0	
0.946	0	
0.94325	0	
0.9405	0	
0.93775	0	
0.935	0	
0.93225	0	
0.9295	0	
0.92675	0	
0.924	0	
0.92125	0	
0.9185	0	
0.91575	0	
0.913	0	
0.91025	0	
0.9075	0	
0.90475	0	
0.902	0	
0.89925	0	
0.8965	0	
0.89375	0	
0.891	0	
0.88825	0	
0.8855	0	
0.88275	0	
0.88	0	
0.87725	0	
0.8745	0	
0.87175	0	
0.869	0	
0.86625	0	
0.8635	0	
0.86075	0	
0.858	0	
0.85525	0	
0.8525	0	
0.84975	0	
0.847	0	
0.84425	0	
0.8415	0	
0.83875	0	
0.836	0	
0.83325	0	
0.8305	0	
0.82775	0	
0.825	0	
0.82225	0	
0.8195	0	
0.81675	0	
0.814	0	
0.81125	0	
0.8085	0	
0.80575	0	
0.803	0	
0.80025	0	
0.7975	0	
0.79475	0	
0.792	0	
0.78925	0	
0.7865	0	
0.78375	0	
0.781	0	
0.77825	0	
0.7755	0	
0.77275	0	
0.77	0	
0.76725	0	
0.7645	0	
0.76175	0	
0.759	0	
0.75625	0	
0.7535	0	
0.75075	0	
0.748	0	
0.74525	0	
0.7425	0	
0.73975	0	
0.737	0	
0.73425	0	
0.7315	0	
0.72875	0	
0.726	0	
0.72325	0	
0.7205	0	
0.71775	0	
0.715	0	
0.71225	0	
0.7095	0	
0.70675	0	
0.704	0	
0.70125	0	
0.6985	0	
0.69575	0	
0.693	0	
0.69025	0	
0.6875	0	
0.68475	0	
0.682	0	
0.67925	0	
0.6765	0	
0.67375	0	
0.671	0	
0.66825	0	
0.6655	0	
0.66275	0	
0.66	0	
0.65725	0	
0.6545	0	
0.65175	0	
0.649	0	
0.64625	0	
0.6435	0	
0.64075	0	
0.638	0	
0.63525	0	
0.6325	0	
0.62975	0	
0.627	0	
0.62425	0	
0.6215	0	
0.61875	0	
0.616	0	
0.61325	0	
0.6105	0	
0.60775	0	
0.605	0	
0.60225	0	
0.5995	0	
0.59675	0	
0.594	0	
0.59125	0	
0.5885	0	
0.58575	0	
0.583	0	
0.58025	0	
0.5775	0	
0.57475	0	
0.572	0	
0.56925	0	
0.5665	0	
0.56375	0	
0.561	0	
0.55825	0	
0.5555	0	
0.55275	0	
0.55	0	
0.54725	0	
0.5445	0	
0.54175	0	
0.539	0	
0.53625	0	
0.5335	0	
0.53075	0	
0.528	0	
0.52525	0	
0.5225	0	
0.51975	0	
0.517	0	
0.51425	0	
0.5115	0	
0.50875	0	
0.506	0	
0.50325	0	
0.5005	0	
0.49775	0	
0.495	0	
0.49225	0	
0.4895	0	
0.48675	0	
0.484	0	
0.48125	0	
0.4785	0	
0.47575	0	
0.473	0	
0.47025	0	
0.4675	0	
0.46475	0	
0.462	0	
0.45925	0	
0.4565	0	
0.45375	0	
0.451	0	
0.44825	0	
0.4455	0	
0.44275	0	
0.44	0	
0.43725	0	
0.4345	0	
0.43175	0	
0.429	0	
0.42625	0	
0.4235	0	
0.42075	0	
0.418	0	
0.41525	0	
0.4125	0	
0.40975	0	
0.407	0	
0.40425	0	
0.4015	0	
0.39875	0	
0.396	0	
0.39325	0	
0.3905	0	
0.38775	0	
0.385	0	
0.38225	0	
0.3795	0	
0.37675	0	
0.374	0	
0.37125	0	
0.3685	0	
0.36575	0	
0.363	0	
0.36025	0	
0.3575	0	
0.35475	0	
0.352	0	
0.34925	0	
0.3465	0	
0.34375	0	
0.341	0	
0.33825	0	
0.3355	0	
0.33275	0	
0.33	0	
0.32725	0	
0.3245	0	
0.32175	0	
0.319	0	
0.31625	0	
0.3135	0	
0.31075	0	
0.308	0	
0.30525	0	
0.3025	0	
0.29975	0	
0.297	0	
0.29425	0	
0.2915	0	
0.28875	0	
0.286	0	
0.28325	0	
0.2805	0	
0.27775	0	
0.275	0	
0.27225	0	
0.2695	0	
0.26675	0	
0.264	0	
0.26125	0	
0.2585	0	
0.25575	0	
0.253	0	
0.25025	0	
0.2475	0	
0.24475	0	
0.242	0	
0.23925	0	
0.2365	0	
0.23375	0	
0.231	0	
0.22825	0	
0.2255	0	
0.22275	0	
0.22	0	
0.21725	0	
0.2145	0	
0.21175	0	
0.209	0	
0.20625	0	
0.2035	0	
0.20075	0	
0.198	0	
0.19525	0	
0.1925	0	
0.18975	0	
0.187	0	
0.18425	0	
0.1815	0	
0.17875	0	
0.176	0	
0.17325	0	
0.1705	0	
0.16775	0	
0.165	0	
0.16225	0	
0.1595	0	
0.15675	0	
0.154	0	
0.15125	0	
0.1485	0	
0.14575	0	
0.143	0	
0.14025	0	
0.1375	0	
0.13475	0	
0.132	0	
0.12925	0	
0.1265	0	
0.12375	0	
0.121	0	
0.11825	0	
0.1155	0	
0.11275	0	
0.11	0	
0.10725	0	
0.1045	0	
0.10175	0	
0.099	0	
0.09625	0	
0.0935	0	
0.09075	0	
0.088	0	
0.08525	0	
0.0825	0	
0.07975	0	
0.077	0	
0.07425	0	
0.0715	0	
0.06875	0	
0.066	0	
0.06325	0	
0.0605	0	
0.05775	0	
0.055	0	
0.05225	0	
0.0495	0	
0.04675	0	
0.044	0	
0.04125	0	
0.0385	0	
0.03575	0	
0.033	0	
0.03025	0	
0.0275	0	
0.02475	0	
0.022	0	
0.01925	0	
0.0165	0	
0.01375	0	
0.011	0	
0.00825	0	
0.0055	0	
0.00275	0	
-3.77302E-16	0	
