% Model:              AC_Overall.mph
% Version:            COMSOL 6.0.0.405
% Date:               Aug 2 2022, 16:09
% Dimension:          1
% Nodes:              961
% Expressions:        1
% Description:        Global
% freq (Hz)               Value
200                       2856033.692145537
205                       3021666.6537338076
210                       3201670.4124101144
215                       3398238.901077654
220                       3614031.07905666
225                       3852301.4334054464
230                       4117077.021255632
235                       4413401.647734815
240                       4747678.878697347
245                       5128163.949643074
250                       5565685.84666879
255                       6074735.850299639
260                       6675159.570712282
265                       7394882.552526795
270                       8274489.523539259
275                       9375316.024691433
280                       1.0794656207720578E7
285                       1.2696642072729358E7
290                       1.538154152641879E7
295                       1.9463828631249893E7
300                       2.6428774467348307E7
305                       4.1021198775698714E7
310                       9.104889411969459E7
315                       4.1865274681586903E8
320                       6.374305691253391E7
325                       3.450135681249405E7
330                       2.3652492180354368E7
335                       1.799017111553878E7
340                       1.4509448781089429E7
345                       1.2150931011574939E7
350                       1.044557776076368E7
355                       9153763.849398414
360                       8140297.721943347
365                       7323117.499314046
370                       6649525.469739659
375                       6084131.71393425
380                       5602287.082602477
385                       5186295.29655276
390                       4823122.445289264
395                       4502955.978584405
400                       4218267.019829654
405                       3963182.180730049
410                       3733051.907907884
415                       3524147.181435565
420                       3333442.140456737
425                       3158455.5140140713
430                       2997133.098109003
435                       2847759.393383787
440                       2708890.297909236
445                       2579301.222819468
450                       2457946.6596175656
455                       2343928.353198995
460                       2236470.016230429
465                       2134897.06711405
470                       2038620.2634631742
475                       1947122.3833114854
480                       1859947.3107170346
485                       1776691.0331110405
490                       1696994.169477806
495                       1620535.732815926
500                       1547027.89429922
505                       1476211.5647440366
510                       1407852.64716646
515                       1341738.8428666964
520                       1277676.916516566
525                       1215490.3435183289
530                       1155017.2769830707
535                       1096108.7832436026
540                       1038627.3034092947
545                       982445.3061314151
550                       927444.1024551776
555                       873512.7983349687
560                       820547.3645547456
565                       768449.8068129861
570                       717127.4216108287
575                       666492.1259032615
580                       616459.8506395296
585                       566949.9904915742
590                       517884.90458128124
595                       469189.46660022193
600                       420790.66873477056
605                       372617.29589150107
610                       324599.7138309569
615                       276669.8838080281
620                       228761.91533004987
625                       180814.14620762298
630                       132776.63944874427
635                       84645.82741747322
640                       36777.2689636689
645                       16560.890226555613
650                       63574.71535878697
655                       113130.89810167803
660                       163470.17270030518
665                       214541.18950647197
670                       266401.0023448339
675                       319133.1122705031
680                       372833.53909645503
685                       427607.602340349
690                       483569.4227579924
695                       540842.3804990309
700                       599560.0323857466
705                       659867.3330208645
710                       721922.1186699978
715                       785896.859566372
720                       851980.7108732482
725                       920381.9098414192
730                       991330.5828180445
735                       1065082.0433048757
740                       1141920.6833754599
745                       1222164.587005721
750                       1306171.0274120513
755                       1394343.0536546977
760                       1487137.4284503656
765                       1585074.253490373
770                       1688748.7178421898
775                       1798845.5382430162
780                       1916156.8409142306
785                       2041604.4829689087
790                       2176268.1560751
795                       2321421.099702156
800                       2478575.9417855158
805                       2649544.1834945367
810                       2836514.311098431
815                       3042155.7111223186
820                       3269758.9040196883
825                       3523427.806658021
830                       3808347.999593534
835                       4131168.472704899
840                       4500556.997617674
845                       4928028.612953402
850                       5429217.4908608915
855                       6025895.225176622
860                       6749299.921539425
865                       7645884.606686726
870                       8787804.35564718
875                       1.0293380348598734E7
880                       1.2370536868677747E7
885                       1.5419489591833403E7
890                       2.0312325744787373E7
895                       2.9307229091654155E7
900                       4.952274411690229E7
905                       8.511244270188127E7
910                       5.4035041080367245E7
915                       3.1439013657335423E7
920                       2.1619185270726044E7
925                       1.6389377998909658E7
930                       1.3174345561301647E7
935                       1.1003775372656755E7
940                       9440414.875008732
945                       8260073.084812301
950                       7336421.418477444
955                       6593003.746220807
960                       5980892.562989653
965                       5467344.889414535
970                       5029630.875827745
975                       4651481.924182669
980                       4320948.53829221
985                       4029056.3758126823
990                       3768934.1389903035
995                       3535230.8884358318
1000                      3323716.6777125997
1005                      3131002.6149581065
1010                      2954340.683892352
1015                      2791478.023430394
1020                      2640549.1343156514
1025                      2499994.975708031
1030                      2368501.4376698597
1035                      2244951.9824454766
1040                      2128390.78894317
1045                      2017993.781198471
1050                      1913045.645409379
1055                      1812921.4479661842
1060                      1717071.828807849
1065                      1625011.0068366593
1070                      1536307.0280364158
1075                      1450573.8340637644
1080                      1367464.8449552513
1085                      1286667.8471911529
1090                      1207901.0682066455
1095                      1130910.4133440156
1100                      1055467.9568946513
1105                      981371.9404518708
1110                      908448.7820227613
1115                      836558.0167326332
1120                      765601.8246373284
1125                      695542.1518501574
1130                      626431.0082592409
1135                      558464.5965746928
1140                      492082.09424451285
1145                      428150.0032971459
1150                      368308.3815645633
1155                      315588.19200425834
1160                      275267.56413200666
1165                      254995.12863037162
1170                      261614.17351600583
1175                      295676.6733760704
1180                      351743.16467602993
1185                      423704.8790516339
1190                      507499.8628482361
1195                      601002.0775375558
1200                      703344.5687552299
1205                      814440.4637713407
1210                      934724.7472784116
1215                      1065033.3186112512
1220                      1206561.5020200566
1225                      1360872.2622628314
1230                      1529941.2348066748
1235                      1716235.2667258969
1240                      1922827.2130155067
1245                      2153554.296899903
1250                      2413231.2729895613
1255                      2707932.685409529
1260                      3045358.6163815283
1265                      3435289.160785539
1270                      3890097.6335988124
1275                      4425188.565732976
1280                      5058950.0545481965
1285                      5811126.761197893
1290                      6696994.85883049
1295                      7712020.437631389
1300                      8799985.358091723
1305                      9809356.717790827
1310                      1.0490582484232998E7
1315                      1.0622962643083453E7
1320                      1.0201875525868412E7
1325                      9433219.239911826
1330                      8550243.387156516
1335                      7698403.2245803075
1340                      6937740.527773945
1345                      6280492.405747155
1350                      5718968.958420683
1355                      5239525.794792883
1360                      4828300.320262328
1365                      4473140.5688088145
1370                      4163989.790494742
1375                      3892720.4330193354
1380                      3652818.290876084
1385                      3439065.1153325588
1390                      3247266.1772971186
1395                      3074030.576610683
1400                      2916598.9141831817
1405                      2772709.677858528
1410                      2640495.9913807753
1415                      2518405.731877474
1420                      2405139.4942670707
1425                      2299602.1643857844
1430                      2200864.8884276776
1435                      2108135.0167372823
1440                      2020732.195510192
1445                      1938069.2265949484
1450                      1859636.6486829838
1455                      1784990.2418805861
1460                      1713740.8444034003
1465                      1645546.0105103876
1470                      1580103.14520476
1475                      1517143.8323603056
1480                      1456429.1353312605
1485                      1397745.6975384783
1490                      1340902.5086363766
1495                      1285728.2323942252
1500                      1232069.0174150537
1505                      1179786.7330850186
1510                      1128757.5920805237
1515                      1078871.138699373
1520                      1030029.6006856357
1525                      982147.6225366805
1530                      935152.4225092458
1535                      888984.4461265529
1540                      843598.6294093343
1545                      798966.4398947214
1550                      755078.9392840094
1555                      711951.2165944148
1560                      669628.6850307819
1565                      628195.9286392862
1570                      587789.0264567919
1575                      548612.5419736454
1580                      510962.5301566542
1585                      475256.66955852957
1590                      442071.2420594936
1595                      412180.72059563786
1600                      386587.08304320736
1605                      366511.6980209219
1610                      353309.09247724776
1615                      348271.47373814904
1620                      352354.1706320087
1625                      365944.8547304839
1630                      388818.757329547
1635                      420303.6109253344
1640                      459537.8364630036
1645                      505688.33805454755
1650                      558073.3377896245
1655                      616204.8143758922
1660                      679785.7614682541
1665                      748689.957064205
1670                      822939.3691465486
1675                      902685.5413474393
1680                      988196.7723679143
1685                      1079851.014303911
1690                      1178133.8167745727
1695                      1283640.5677211809
1700                      1397082.3559857174
1705                      1519294.8323729152
1710                      1651249.381842538
1715                      1794065.6594185005
1720                      1949023.9782363381
1725                      2117574.9988800916
1730                      2301342.3825421105
1735                      2502111.1154491627
1740                      2721789.473248849
1745                      2962325.257761365
1750                      3225546.14539113
1755                      3512879.4304415677
1760                      3824890.01327396
1765                      4160564.9619256663
1770                      4516288.81099947
1775                      4884537.172517689
1780                      5252526.779708992
1785                      5601429.51657708
1790                      5907158.631508799
1795                      6143720.840529745
1800                      6289089.367472038
1805                      6331580.023326416
1810                      6273407.788283744
1815                      6129328.495289989
1820                      5921387.080691655
1825                      5672860.603677066
1830                      5403949.823810877
1835                      5129929.985764005
1840                      4861139.595318294
1845                      4603867.981589455
1850                      4361455.89082096
1855                      4135268.141819194
1860                      3925432.8887208183
1865                      3731356.590570446
1870                      3552062.4112477372
1875                      3386402.750314002
1880                      3233187.16884687
1885                      3091255.6358532617
1890                      2959517.477220025
1895                      2836969.3875673283
1900                      2722701.039617442
1905                      2615893.6374799465
1910                      2515814.7051357324
1915                      2421811.0982209365
1920                      2333301.41172716
1925                      2249768.451188228
1930                      2170752.1260074
1935                      2095842.937826289
1940                      2024676.1269266333
1945                      1956926.4775407808
1950                      1892303.7491390735
1955                      1830548.6847156852
1960                      1771429.5412086498
1965                      1714739.0872403656
1970                      1660292.0167447943
1975                      1607922.7318640621
1980                      1557483.4542471352
1985                      1508842.6294446315
1990                      1461883.5947568319
1995                      1416503.4859683008
2000                      1372612.3632786623
2005                      1330132.5410684359
2010                      1288998.1100919442
2015                      1249154.6440624276
2020                      1210559.0856996342
2025                      1173179.809485923
2030                      1136996.8599522628
2035                      1102002.364738588
2040                      1068201.1205640999
2045                      1035611.3470355269
2050                      1004265.5971039649
2055                      974211.8030041248
2060                      945514.4213262289
2065                      918255.6196078158
2070                      892536.4179594686
2075                      868477.6631442029
2080                      846220.6699330732
2085                      825927.3198385153
2090                      807779.368303363
2095                      791976.6910865278
2100                      778734.2167858069
2105                      768277.3650166059
2110                      760835.9544356862
2115                      756636.7628054381
2120                      755895.1887482698
2125                      758806.726853796
2130                      765539.1462872586
2135                      776226.2810670701
2140                      790964.1567998938
2145                      809809.8165463328
2150                      832782.7547299296
2155                      859868.442812844
2160                      891023.1387159989
2165                      926179.0647811095
2170                      965249.1039405237
2175                      1008130.3440341047
2180                      1054706.0258668764
2185                      1104845.6655375282
2190                      1158403.294605156
2195                      1215213.8870510748
2200                      1275088.1305051239
2205                      1337805.7701920809
2210                      1403107.8275505865
2215                      1470688.0886832452
2220                      1540184.3811806445
2225                      1611170.3139417006
2230                      1683148.3341306187
2235                      1755545.135872453
2240                      1827710.5979457304
2245                      1898921.4783767774
2250                      1968390.9889596277
2255                      2035285.0516256257
2260                      2098745.4640202387
2265                      2157919.386756705
2270                      2211993.5915762
2275                      2260230.9378823503
2280                      2302005.788907523
2285                      2336834.7549944096
2290                      2364399.4104189803
2295                      2384558.4893825697
2300                      2397348.3879373516
2305                      2402972.314234404
2310                      2401779.823479372
2315                      2394239.4757494004
2320                      2380907.815458628
2325                      2362397.787133369
2330                      2339349.192582673
2335                      2312403.04099007
2340                      2282180.8320661727
2345                      2249269.086421328
2350                      2214208.8800291624
2355                      2177489.7770445105
2360                      2139547.3712078924
2365                      2100763.6023052516
2370                      2061469.0656432237
2375                      2021946.6379832777
2380                      1982435.8713228384
2385                      1943137.7339509812
2390                      1904219.3938753707
2395                      1865818.836774623
2400                      1828049.187586099
2405                      1791002.6630375432
2410                      1754754.1244996102
2415                      1719364.2291435369
2420                      1684882.196330454
2425                      1651348.2168866612
2430                      1618795.5386850669
2435                      1587252.2635984058
2440                      1556742.8902664839
2445                      1527289.6346908729
2450                      1498913.557460594
2455                      1471635.522649889
2460                      1445477.0094800252
2465                      1420460.7939188862
2470                      1396611.5135374984
2475                      1373956.125404841
2480                      1352524.2633624142
2485                      1332348.498051041
2490                      1313464.5003162054
2495                      1295911.1063920243
2500                      1279730.2814615716
2505                      1264966.977031669
2510                      1251668.8770589575
2515                      1239886.0280167733
2520                      1229670.3492302108
2525                      1221075.0217679343
2530                      1214153.7569544616
2535                      1208959.949062736
2540                      1205545.7206355722
2545                      1203960.8729846468
2550                      1204251.7581158816
2555                      1206460.0914097263
2560                      1210621.7262541717
2565                      1216765.4121534452
2570                      1224911.5567533823
2575                      1235071.0091475642
2580                      1247243.8780715703
2585                      1261418.393593258
2590                      1277569.8165740941
2595                      1295659.396331565
2600                      1315633.375418794
2605                      1337422.0411695743
2610                      1360938.82779125
2615                      1386079.4801495394
2620                      1412721.3010650212
2625                      1440722.5172730181
2630                      1469921.8144147624
2635                      1500138.1070071817
2640                      1531170.6238590179
2645                      1562799.4005552584
2650                      1594786.2763110618
2655                      1626876.4903028463
2660                      1658800.9602623812
2665                      1690279.302017943
2670                      1721023.6122092712
2675                      1750742.9878956093
2680                      1779148.6992696906
2685                      1805959.8689801942
2690                      1830909.4504220078
2695                      1853750.2449022774
2700                      1874260.661560575
2705                      1892249.9115444797
2710                      1907562.342421268
2715                      1920080.6624337719
2720                      1929727.872620969
2725                      1936467.8118222489
2730                      1940304.3151571166
2735                      1941279.0799710907
2740                      1939468.4140551833
2745                      1934979.101347727
2750                      1927943.655551424
2755                      1918515.2413449003
2760                      1906862.528548547
2765                      1893164.7118405735
2770                      1877606.883415903
2775                      1860375.8953160616
2780                      1841656.797221001
2785                      1821629.88916212
2790                      1800468.389637614
2795                      1778336.6893315052
2800                      1755389.1393260572
2805                      1731769.3096711687
2810                      1707609.648084372
2815                      1683031.4679697044
2820                      1658145.198352682
2825                      1633050.834353802
2830                      1607838.5343114908
2835                      1582589.3177717037
2840                      1557375.8265566938
2845                      1532263.1186477551
2850                      1507309.4714075082
2855                      1482567.1764909022
2860                      1458083.3137668548
2865                      1433900.4956459086
2870                      1410057.5764148927
2875                      1386590.3237147634
2880                      1363532.051179426
2885                      1340914.2125510247
2890                      1318766.9585215638
2895                      1297119.65799185
2900                      1276001.3856640693
2905                      1255441.3777550622
2910                      1235469.4572987908
2915                      1216116.4300390705
2920                      1197414.4511082333
2925                      1179397.361951442
2930                      1162100.9959330726
2935                      1145563.4499695138
2940                      1129825.3183847135
2945                      1114929.8840416654
2950                      1100923.2605938937
2955                      1087854.4786763638
2960                      1075775.508016094
2965                      1064741.2068942215
2970                      1054809.1903071005
2975                      1046039.608629877
2980                      1038494.8298173664
2985                      1032239.0200722861
2990                      1027337.6207385958
2995                      1023856.722719711
3000                      1021862.3438554634
3005                      1021419.6192640262
3010                      1022591.9190178138
3015                      1025439.9114961084
3020                      1030020.593569058
3025                      1036386.3100522903
3030                      1044583.7842222877
3035                      1054653.1784363617
3040                      1066627.1991028413
3045                      1080530.2538569726
3050                      1096377.6613517993
3055                      1114174.9064469787
3060                      1133916.9267039397
3065                      1155587.41080324
3070                      1179158.0865852486
3075                      1204587.9764642832
3080                      1231822.6012775367
3085                      1260793.1203670923
3090                      1291415.4057018168
3095                      1323589.0609570504
3100                      1357196.4121742994
3105                      1392101.5144113943
3110                      1428149.2377997588
3115                      1465164.515670044
3120                      1502951.8553343364
3125                      1541295.2271303094
3130                      1579958.4568932746
3135                      1618686.2488554916
3140                      1657205.9573617068
3145                      1695230.2040762203
3150                      1732460.401293138
3155                      1768591.19082451
3160                      1803315.7435412738
3165                      1836331.7910107842
3170                      1867348.1838192444
3175                      1896091.700255961
3180                      1922313.772917969
3185                      1945796.7692544549
3190                      1966359.462095734
3195                      1983861.361124701
3200                      1998205.6448836771
3205                      2009340.5285766665
3210                      2017259.0150864027
3215                      2021997.0919083913
3220                      2023630.5419228491
3225                      2022270.6194499473
3230                      2018058.8976085854
3235                      2011161.6155468912
3240                      2001763.8464688547
3245                      1990063.7746631627
3250                      1976267.3195952321
3255                      1960583.2855081137
3260                      1943219.153555146
3265                      1924377.5761264954
3270                      1904253.5839836812
3275                      1883032.4781327045
3280                      1860888.3506264288
3285                      1837983.161091226
3290                      1814466.2870788195
3295                      1790474.4647380093
3300                      1766132.0397413657
3305                      1741551.4552982885
3310                      1716833.9128420805
3315                      1692070.1506129573
3320                      1667341.2949324532
3325                      1642719.7479735652
3330                      1618270.0839026526
3335                      1594049.9323008899
3340                      1570110.833676824
3345                      1546499.0566702539
3350                      1523256.3704530746
3355                      1500420.7687078125
3360                      1478027.1438664023
3365                      1456107.9118256075
3370                      1434693.5883968363
3375                      1413813.319453124
3380                      1393495.3669494016
3385                      1373767.5530391422
3390                      1354657.6643149245
3395                      1336193.817774976
3400                      1318404.7896527813
3405                      1301320.307582557
3410                      1284971.3058858742
3415                      1269390.1430241296
3420                      1254610.7794691313
3425                      1240668.9135007851
3430                      1227602.0716991955
3435                      1215449.6502867187
3440                      1204252.9029486284
3445                      1194054.8704511926
3450                      1184900.247279165
3455                      1176835.180702356
3460                      1169906.9982160723
3465                      1164163.8601522918
3470                      1159654.3354946482
3475                      1156426.900542127
3480                      1154529.3618364057
3485                      1154008.2068776116
3490                      1154907.8881806636
3495                      1157270.0481882922
3500                      1161132.6942464649
3505                      1166529.3340457152
3510                      1173488.082593439
3515                      1182030.7517916248
3520                      1192171.933087282
3525                      1203918.0825853029
3530                      1217266.61666865
3535                      1232205.0248575034
3540                      1248710.0057672395
3545                      1266746.631912697
3550                      1286267.5501593675
3555                      1307212.22709466
3560                      1329506.2525938838
3565                      1353060.720458347
3570                      1377771.7118938959
3575                      1403519.9154515387
3580                      1430170.425150513
3585                      1457572.7660601824
3590                      1485561.202490009
3595                      1513955.3870308318
3600                      1542561.4076641211
3605                      1571173.2838873523
3610                      1599574.9502102567
3615                      1627542.7462712463
3620                      1654848.406715042
3625                      1681262.512617031
3630                      1706558.3308006318
3635                      1730515.931226005
3640                      1752926.4390487273
3645                      1773596.2510390342
3650                      1792351.0296168176
3655                      1809039.2848878694
3660                      1823535.367521415
3665                      1835741.722985699
3670                      1845590.2986917768
3675                      1853043.04612373
3680                      1858091.5151247897
3685                      1860755.591562536
3690                      1861081.4773370842
3695                      1859139.0489691256
3700                      1855018.754983328
3705                      1848828.2222655425
3710                      1840688.7382111829
3715                      1830731.7609305384
3720                      1819095.5871135737
3725                      1805922.2795530248
3730                      1791354.9270743553
3735                      1775535.281273402
3740                      1758601.788998981
3745                      1740688.0183763488
3750                      1721921.459547269
3755                      1702422.6696145115
3760                      1682304.7238390567
3765                      1661672.931489737
3770                      1640624.7740252563
3775                      1619250.0248819836
3780                      1597631.0131532615
3785                      1575842.997518693
3790                      1553954.6212125828
3795                      1532028.4234223717
3800                      1510121.3868442785
3805                      1488285.5052592088
3810                      1466568.3585714984
3815                      1445013.685902803
3820                      1423661.9500197223
3825                      1402550.888550804
3830                      1381716.049220894
3835                      1361191.3077021728
3840                      1341009.3677089098
3845                      1321202.2436650128
3850                      1301801.7267323416
3855                      1282839.8351666501
3860                      1264349.2499420124
3865                      1246363.7363611527
3870                      1228918.551923137
3875                      1212050.8401063494
3880                      1195800.0089240994
3885                      1180208.0921163366
3890                      1165320.0896942879
3895                      1151184.2832357602
3900                      1137852.519911593
3905                      1125380.4577087436
3910                      1113827.7628013052
3915                      1103258.2486258468
3920                      1093739.9450164244
3925                      1085345.0849575603
3930                      1078149.9962934505
3935                      1072234.8862476817
3940                      1067683.5080481665
3945                      1064582.701494044
3950                      1063021.802871061
3955                      1063091.9242375498
3960                      1064885.107449589
3965                      1068493.3639508882
3970                      1074007.616697293
3975                      1081516.5649325447
3980                      1091105.4950269726
3985                      1102855.0606653541
3990                      1116840.0527683701
3995                      1133128.1735682676
4000                      1151778.8205183432
4005                      1172841.8749254863
4010                      1196356.4783779013
4015                      1222349.7686406788
4020                      1250835.5369984377
4025                      1281812.7626398474
4030                      1315263.9776597824
4035                      1351153.41985573
4040                      1389424.9405303998
4045                      1429999.651666265
4050                      1472773.3217880316
4055                      1517613.562738531
4060                      1564356.8908409912
4065                      1612805.7943082356
4070                      1662725.9934376501
4075                      1713844.137324834
4080                      1765846.235981051
4085                      1818377.1721484917
4090                      1871041.6632047505
4095                      1923407.0387440522
4100                      1975008.1519684799
4105                      2025354.642915517
4110                      2073940.6145283335
4115                      2120256.572512916
4120                      2163803.232595494
4125                      2204106.542227259
4130                      2240733.036070389
4135                      2273304.487880497
4140                      2301510.7732428624
4145                      2325119.9407042153
4150                      2343984.7031766563
4155                      2358044.882293
4160                      2367325.718523018
4165                      2371932.3414960615
4170                      2372041.020919997
4175                      2367888.0459577055
4180                      2359757.188060595
4185                      2347966.6911720457
4190                      2332856.624539332
4195                      2314777.2597865034
4200                      2294078.930562245
4205                      2271103.631273424
4210                      2246178.434213578
4215                      2219610.664315027
4220                      2191684.673005786
4225                      2162659.9939710894
4230                      2132770.6385990004
4235                      2102225.288780413
4240                      2071208.161923373
4245                      2039880.3502051325
4250                      2008381.4678536914
4255                      1976831.4724180703
4260                      1945332.5561504243
4265                      1913971.0302465374
4270                      1882819.1471199244
4275                      1851936.8242037438
4280                      1821373.2470925448
4285                      1791168.3408090856
4290                      1761354.106033316
4295                      1731955.822829023
4300                      1702993.1282867582
4305                      1674480.9769757607
4310                      1646430.494438162
4315                      1618849.7346686826
4320                      1591744.3525358995
4325                      1565118.201911529
4330                      1538973.8697252832
4335                      1513313.1555586953
4340                      1488137.5057065005
4345                      1463448.4099081638
4350                      1439247.7682811862
4355                      1415538.235294116
4360                      1392323.5470102017
4365                      1369608.8372209047
4370                      1347400.9475220556
4375                      1325708.7358113674
4380                      1304543.3871438564
4385                      1283918.730244888
4390                      1263851.5623449185
4395                      1244361.9842275865
4400                      1225473.7464924867
4405                      1207214.6069697037
4410                      1189616.6979281504
4415                      1172716.9001695046
4420                      1156557.219230178
4425                      1141185.1567282807
4430                      1126654.0673411423
4435                      1113023.4890399799
4440                      1100359.4310914655
4445                      1088734.6010846766
4450                      1078228.549096447
4455                      1068927.7043226266
4460                      1060925.27750587
4465                      1054321.0017503249
4470                      1049220.685302334
4475                      1045735.5531469652
4480                      1043981.3601217533
4485                      1044077.2668189323
4490                      1046144.480533965
4495                      1050304.6761956422
4500                      1056678.2251935843
4505                      1065382.2716947556
4510                      1076528.7042742854
4515                      1090222.073772311
4520                      1106557.504759838
4525                      1125618.6374841593
4530                      1147475.620428718
4535                      1172183.152544888
4540                      1199778.5518193324
4545                      1230279.8065568665
4550                      1263683.5511664636
4555                      1299962.9025553362
4560                      1339065.0987628538
4565                      1380908.8998887003
4570                      1425381.7433153258
4575                      1472336.6905795902
4580                      1521589.2610423751
4585                      1572914.3156155418
4590                      1626043.228700437
4595                      1680661.6624869653
4600                      1736408.326488128
4605                      1792875.1554592228
4610                      1849609.356631913
4615                      1906117.7473500527
4620                      1961873.7127375242
4625                      2016326.9509920953
4630                      2068915.9423393218
4635                      2119082.7909748876
4640                      2166289.7781957625
4645                      2210036.6740814243
4650                      2249877.637046232
4655                      2285436.4348268723
4660                      2316418.780139453
4665                      2342620.795991713
4670                      2363932.983681601
4675                      2380339.507080144
4680                      2391913.0593369314
4685                      2398805.9721933166
4690                      2401238.5087214867
4695                      2399485.419400006
4700                      2393861.839041151
4705                      2384709.48302779
4710                      2372383.9041755665
4715                      2357243.338696721
4720                      2339639.4385643606
4725                      2319909.985107918
4730                      2298373.519848127
4735                      2275325.718336403
4740                      2251037.267894937
4745                      2225752.9829008477
4750                      2199691.89238964
4755                      2173048.0545528457
4760                      2145991.8835350196
4765                      2118671.8091546264
4770                      2091216.1257437782
4775                      2063734.919130244
4780                      2036321.9896981635
4785                      2009056.7135208643
4790                      1982005.80310148
4795                      1955224.944456588
4800                      1928760.2987670067
4805                      1902649.8652246627
4810                      1876924.70766728
4815                      1851610.0514449219
4820                      1826726.259548852
4825                      1802289.69831225
4830                      1778313.5036165
4835                      1754808.258521831
4840                      1731782.592899236
4845                      1709243.715039959
4850                      1687197.8844775525
4855                      1665650.834457951
4860                      1644608.1516768346
4865                      1624075.6200576492
4870                      1604059.5345467483
4875                      1584566.9901618236
4880                      1565606.150731443
4885                      1547186.501119152
4890                      1529319.0859423906
4895                      1512016.7371631684
4900                      1495294.2921972307
4905                      1479168.8034350201
4910                      1463659.7393418322
4915                      1448789.1764371626
4920                      1434581.98059051
4925                      1421065.9750954693
4930                      1408272.0919266867
4935                      1396234.5014581978
4940                      1384990.7147074963
4945                      1374581.6508888274
4950                      1365051.6617701114
4955                      1356448.5030391014
4960                      1348823.24165854
4965                      1342230.0871972265
4970                      1336726.1342623036
4975                      1332371.0028161546
4980                      1329226.363185613
4985                      1327355.3333036585
4990                      1326821.7371211948
4995                      1327689.2153813764
5000                      1330020.1830494963
