% Model:              AC -220722 - Parallel Section.mph
% Version:            COMSOL 6.0.0.405
% Date:               Jul 22 2022, 22:53
% Dimension:          1
% Nodes:              961
% Expressions:        1
% Description:        Global
% freq (Hz)               2DX, 
200                       3110808.426717742
205                       3215281.4629360577
210                       3322289.431903333
215                       3431980.5016976735
220                       3544513.039336612
225                       3660056.5581770027
230                       3778792.770805997
235                       3900916.761282444
240                       4026638.2930417755
245                       4156183.2710755435
250                       4289795.380511635
255                       4427737.926586599
260                       4570295.905898555
265                       4717778.34371256
270                       4870520.9379076455
275                       5028889.057852781
280                       5193281.15523294
285                       5364132.654189682
290                       5541920.401796827
295                       5727167.775006852
300                       5920450.560258247
305                       6122403.745695293
310                       6333729.395775895
315                       6555205.814938118
320                       6787698.253908648
325                       7032171.469822892
330                       7289704.5267967
335                       7561508.31651471
340                       7848946.401657788
345                       8153559.940744964
350                       8477097.65842653
355                       8821552.095048916
360                       9189203.72538375
365                       9582675.014732702
370                       1.000499712593157E7
375                       1.045969287121052E7
380                       1.0950880720778503E7
385                       1.1483406377656717E7
390                       1.206301083963717E7
395                       1.2696547322127944E7
400                       1.339226446112569E7
405                       1.41601806907819E7
410                       1.5012585980828993E7
415                       1.5964724522889214E7
420                       1.7035739367633574E7
425                       1.8250004287668984E7
430                       1.9639041636978377E7
435                       2.1244350805951443E7
440                       2.3121695025363393E7
445                       2.5347806241353914E7
450                       2.8031264471199498E7
455                       3.1330934955922265E7
460                       3.54888905611207E7
465                       4.089309709104141E7
470                       4.820682139165554E7
475                       5.86654882303667E7
480                       7.486327442358246E7
485                       1.0332949666076231E8
490                       1.6654847286458862E8
495                       4.282083208557918E8
500                       7.513923265549206E8
505                       2.0015751485314202E8
510                       1.154455126373957E8
515                       8.10980362384808E7
520                       6.248494721285952E7
525                       5.080470966211526E7
530                       4.278867453799613E7
535                       3.6943891004207164E7
540                       3.249147553340861E7
545                       2.8985290660965934E7
550                       2.615140078866909E7
555                       2.3812299563142836E7
560                       2.1847910953729976E7
565                       2.0174100794335883E7
570                       1.8730164872494265E7
575                       1.747120350555961E7
580                       1.6363292204054415E7
585                       1.5380321164039906E7
590                       1.4501867432435032E7
595                       1.371172642034612E7
600                       1.2996876106941374E7
605                       1.2346732155460084E7
610                       1.1752602880259845E7
615                       1.1207284186771192E7
620                       1.0704754266886342E7
625                       1.0239940518109377E7
630                       9808539.509253807
635                       9406876.422867838
640                       9031794.230910277
645                       8680565.515704919
650                       8350821.715521649
655                       8040495.905472511
660                       7747776.186370737
665                       7471067.45558852
670                       7208959.852596159
675                       6960202.557873154
680                       6723681.914571153
685                       6498403.06328621
690                       6283474.448513123
695                       6078094.686440981
700                       5881541.384362719
705                       5693161.581476494
710                       5512363.543071438
715                       5338609.689729595
720                       5171410.482296847
725                       5010319.115195867
730                       4854926.896016622
735                       4704859.209879047
740                       4559771.98396947
745                       4419348.581264763
750                       4283297.063760996
755                       4151347.7748677013
760                       4023251.1982198805
765                       3898776.056642803
770                       3777707.6203650753
775                       3659846.1978844106
780                       3545005.7869039224
785                       3433012.865672269
790                       3323705.3079015035
795                       3216931.406658731
800                       3112548.994529755
805                       3010424.64906331
810                       2910432.9738923223
815                       2812455.9470851445
820                       2716382.3294308633
825                       2622107.1261499687
830                       2529531.0963870212
835                       2438560.3054430145
840                       2349105.7153247064
845                       2261082.8097277055
850                       2174411.2499079057
855                       2089014.558416186
860                       2004819.8278984567
865                       1921757.4525337503
870                       1839760.8798898228
875                       1758766.3812355811
880                       1678712.8385665736
885                       1599541.5467045512
890                       1521196.0291001834
895                       1443621.8659914758
900                       1366766.5337857425
905                       1290579.254579716
910                       1215010.854866283
915                       1140013.6325428165
920                       1065541.231413623
925                       991548.5224575597
930                       917991.4911701471
935                       844827.1303773965
940                       772013.3379098579
945                       699508.8186327195
950                       627272.9903108412
955                       555265.8928367738
960                       483448.10039369634
965                       411780.63611575146
970                       340224.88886238914
975                       268742.53170830396
980                       197295.44179442685
985                       125845.62116575813
990                       54355.11826076369
995                       17214.050304011053
1000                      88899.97799637249
1005                      160740.94701137702
1010                      232775.50765439964
1015                      305042.5588010372
1020                      377581.42980354594
1025                      450431.9642054416
1030                      523634.60564508045
1035                      597230.4863601925
1040                      671261.5186910272
1045                      745770.4900438397
1050                      820801.1617682646
1055                      896398.3724570953
1060                      972608.1461953609
1065                      1049477.806342753
1070                      1127056.0954595634
1075                      1205393.3020547123
1080                      1284541.394880907
1085                      1364554.1655800994
1090                      1445487.3805338664
1095                      1527398.9428911116
1100                      1610349.0657964833
1105                      1694400.4579895968
1110                      1779618.5230358283
1115                      1866071.573596017
1120                      1953831.0622884007
1125                      2042971.8308752102
1130                      2133572.3796908995
1135                      2225715.1594569082
1140                      2319486.887868085
1145                      2414978.8936323943
1150                      2512287.490959354
1155                      2611514.387850085
1160                      2712767.1319998405
1165                      2816159.5985554433
1170                      2921812.5245659617
1175                      3029854.0955723985
1180                      3140420.5905199894
1185                      3253657.092040037
1190                      3369718.270083862
1195                      3488769.2480677064
1200                      3610986.561972024
1205                      3736559.224391067
1210                      3865689.907303954
1215                      3998596.2594701326
1220                      4135512.376764605
1225                      4276690.446742499
1230                      4422402.5921067055
1235                      4572942.941858389
1240                      4728629.963745262
1245                      4889809.097407415
1250                      5056855.734604901
1255                      5230178.60112932
1260                      5410223.605264273
1265                      5597478.229632646
1270                      5792476.558317974
1275                      5995805.049196263
1280                      6208109.183735558
1285                      6430101.154062298
1290                      6662568.781202868
1295                      6906385.900963246
1300                      7162524.507389517
1305                      7432069.010824487
1310                      7716233.053320281
1315                      8016379.433033524
1320                      8334043.829717648
1325                      8670963.205234332
1330                      9029109.990449006
1335                      9410733.482443161
1340                      9818410.290947864
1345                      1.025510622913555E7
1350                      1.072425279724667E7
1355                      1.122984243719595E7
1360                      1.1776548162510933E7
1365                      1.236987516519326E7
1370                      1.3016354836282345E7
1375                      1.3723795720934022E7
1380                      1.4501611902335966E7
1385                      1.5361258196555078E7
1390                      1.6316815013736645E7
1395                      1.738578658720936E7
1400                      1.8590209262996893E7
1405                      1.995822008945234E7
1410                      2.152632532839466E7
1415                      2.334276252949048E7
1420                      2.5472624923668347E7
1425                      2.8005929027914807E7
1430                      3.10708064209673E7
1435                      3.485606630678166E7
1440                      3.965193773913325E7
1445                      4.592873199158571E7
1450                      5.4502160883491434E7
1455                      6.6921730197967924E7
1460                      8.653528008868495E7
1465                      1.2216426150654142E8
1470                      2.0702354096816263E8
1475                      6.718659587114906E8
1480                      5.429470563334922E8
1485                      1.9373237969155273E8
1490                      1.180216564572831E8
1495                      8.491050542812352E7
1500                      6.633268722019984E7
1505                      5.443723946161911E7
1510                      4.6165139843916334E7
1515                      4.007729398435907E7
1520                      3.540759352222947E7
1525                      3.1710695407011393E7
1530                      2.8710050407442413E7
1535                      2.622485413326089E7
1540                      2.413191221584801E7
1545                      2.234438743066288E7
1550                      2.0799308802437287E7
1555                      1.944989927189199E7
1560                      1.82606842892912E7
1565                      1.7204272352685317E7
1570                      1.625917668555159E7
1575                      1.5408305334673034E7
1580                      1.4637892039820328E7
1585                      1.3936724724912608E7
1590                      1.3295579236449445E7
1595                      1.270679733058792E7
1600                      1.2163967784764316E7
1605                      1.1661682384289835E7
1610                      1.1195347045484232E7
1615                      1.0761034067829896E7
1620                      1.0355365432076966E7
1625                      9975419.79092006
1630                      9618657.72401695
1635                      9282861.205440737
1640                      8966084.227497373
1645                      8666612.25340469
1650                      8382928.710216548
1655                      8113687.135792115
1660                      7857687.897113202
1665                      7613858.627814931
1670                      7381237.709558703
1675                      7158960.258553492
1680                      6946246.184889031
1685                      6742389.975309715
1690                      6546751.916020357
1695                      6358750.523994128
1700                      6177855.996892107
1705                      6003584.525062453
1710                      5835493.335919502
1715                      5673176.362883795
1720                      5516260.44882472
1725                      5364402.008435954
1730                      5217284.085981856
1735                      5074613.754658527
1740                      4936119.812097397
1745                      4801550.7331790235
1750                      4670672.847166971
1755                      4543268.710812157
1760                      4419135.653126752
1765                      4298084.470939657
1770                      4179938.2571101566
1775                      4064531.34576836
1780                      3951708.3610225287
1785                      3841323.357288322
1790                      3733239.0409276006
1795                      3627326.064185353
1800                      3523462.383524407
1805                      3421532.675390734
1810                      3321427.8033324354
1815                      3223044.3310364597
1820                      3126284.0765458313
1825                      3031053.703407478
1830                      2937264.3450132553
1835                      2844831.2587852105
1840                      2753673.5072310893
1845                      2663713.6632054555
1850                      2574877.53700132
1855                      2487093.9231275283
1860                      2400294.3648513635
1865                      2314412.934778461
1870                      2229386.029888775
1875                      2145152.179638346
1880                      2061651.8657993174
1885                      1978827.3529074332
1890                      1896622.5282116283
1895                      1814982.7501618827
1900                      1733854.704522332
1905                      1653186.2672809914
1910                      1572926.373581308
1915                      1493024.8919525323
1920                      1413432.5031642772
1925                      1334100.5830775588
1930                      1254981.0888794386
1935                      1176026.448142444
1940                      1097189.4501461275
1945                      1018423.1389447994
1950                      939680.7076552319
1955                      860915.3934621186
1960                      782080.3728461945
1965                      703128.6565278212
1970                      624012.9836385965
1975                      544685.7145994145
1980                      465098.7222041905
1985                      385203.28036552767
1990                      304949.9499776391
1995                      224288.46131967075
2000                      143167.59239740513
2005                      61535.0425797745
2010                      20662.699138911878
2015                      103480.49198580044
2020                      186974.6881391012
2025                      271203.2851814863
2030                      356226.0871886624
2035                      442104.87544561276
2040                      528903.5898652025
2045                      616688.5222963501
2050                      705528.5230233319
2055                      795495.2218791477
2060                      886663.2655628308
2065                      979110.5728980533
2070                      1072918.609985997
2075                      1168172.687396395
2080                      1264962.281812965
2085                      1363381.3848109648
2090                      1463528.8817757396
2095                      1565508.9643358698
2100                      1669431.5800936504
2105                      1775412.923929908
2110                      1883575.975689025
2115                      1994051.089700791
2120                      2106976.6423069728
2125                      2222499.7444076715
2130                      2340777.0270105246
2135                      2461975.508889562
2140                      2586273.5567720025
2145                      2713861.9499848625
2150                      2844945.063294001
2155                      2979742.1837248257
2160                      3118488.979633255
2165                      3261439.1431610603
2170                      3408866.230622656
2175                      3561065.7294304054
2180                      3718357.384958026
2185                      3881087.826473889
2190                      4049633.538192585
2195                      4224404.229685479
2200                      4405846.66994342
2205                      4594449.061397267
2210                      4790746.04493938
2215                      4995324.4449528465
2220                      5208829.885377164
2225                      5431974.435068547
2230                      5665545.474448681
2235                      5910416.0173901245
2240                      6167556.775099986
2245                      6438050.314995099
2250                      6723107.751932825
2255                      7024088.516554051
2260                      7342523.883826008
2265                      7680145.123625875
2270                      8038917.368792223
2275                      8421080.60309606
2280                      8829199.578885162
2285                      9266225.019966643
2290                      9735569.20283496
2295                      1.024120001812466E7
2300                      1.0787759008043543E7
2305                      1.1380710826311707E7
2310                      1.2026534333106482E7
2315                      1.2732969515354732E7
2320                      1.3509340233041456E7
2325                      1.43669814232183E7
2330                      1.5319812453769213E7
2335                      1.638511848637595E7
2340                      1.758463355710927E7
2345                      1.894607064805646E7
2350                      2.0505329868411172E7
2355                      2.2309763327381093E7
2360                      2.442313777037834E7
2365                      2.693342271131983E7
2370                      2.9965477655541904E7
2375                      3.370265488144308E7
2380                      3.842559673793222E7
2385                      4.458663628102535E7
2390                      5.296480157920068E7
2395                      6.5025750205319844E7
2400                      8.38920627469171E7
2405                      1.1760714232430527E8
2410                      1.9513001643382657E8
2415                      5.606257230639533E8
2420                      6.56899397889962E8
2425                      2.0854198038855317E8
2430                      1.244275453517084E8
2435                      8.889753021071666E7
2440                      6.928461225872855E7
2445                      5.6845933072857544E7
2450                      4.8250706769673206E7
2455                      4.195367296526739E7
2460                      3.7140039051898345E7
2465                      3.3339468991171304E7
2470                      3.0261456554337185E7
2475                      2.771687747396679E7
2480                      2.557731216015443E7
2485                      2.3752498587288685E7
2490                      2.217713970052274E7
2495                      2.0802830268297732E7
2500                      1.9592926246454682E7
2505                      1.851917707080928E7
2510                      1.755945244225809E7
2515                      1.6696169936772462E7
2520                      1.5915183687162928E7
2525                      1.520498375240391E7
2530                      1.4556109351752467E7
2535                      1.3960712155114003E7
2540                      1.3412226689508215E7
2545                      1.2905118413100336E7
2550                      1.2434688910969151E7
2555                      1.1996923652410332E7
2560                      1.158837184198994E7
2565                      1.1206050738850737E7
2570                      1.084736882174875E7
2575                      1.051006360657611E7
2580                      1.0192150956808949E7
2585                      9891883.48264515
2590                      9607716.182563955
2595                      9338277.897824205
2600                      9082347.463744603
2605                      8838833.680247653
2610                      8606758.406492395
2615                      8385242.225363655
2620                      8173492.233303719
2625                      7970791.596516814
2630                      7776490.582499448
2635                      7589998.829048692
2640                      7410778.656083804
2645                      7238339.259568998
2650                      7072231.654681033
2655                      6912044.257648366
2660                      6757399.0140253045
2665                      6607947.995975141
2670                      6463370.40355832
2675                      6323369.914967923
2680                      6187672.339141293
2685                      6056023.531166834
2690                      5928187.536588676
2695                      5803944.935769509
2700                      5683091.363420173
2705                      5565436.181926292
2710                      5450801.290031279
2715                      5339020.050881028
2720                      5229936.325574239
2725                      5123403.600159959
2730                      5019284.195543285
2735                      4917448.551124622
2740                      4817774.574095184
2745                      4720147.047320431
2750                      4624457.0895619495
2755                      4530601.6625835
2760                      4438483.120236635
2765                      4348008.795244303
2770                      4259090.619880191
2775                      4171644.7771125794
2780                      4085591.3792122193
2785                      4000854.171110681
2790                      3917360.2560956455
2795                      3835039.8416666677
2800                      3753826.0036093104
2805                      3673654.466524445
2810                      3594463.3992462414
2815                      3516193.2236870425
2820                      3438786.435838179
2825                      3362187.437723467
2830                      3286342.3792410903
2835                      3211199.008891665
2840                      3136706.5325105535
2845                      3062815.4791496065
2850                      2989477.5733458265
2855                      2916645.613066387
2860                      2844273.3526529926
2865                      2772315.3901496297
2870                      2700727.0584170013
2875                      2629464.3194765113
2880                      2558483.661556584
2885                      2487741.9983161646
2890                      2417196.569765444
2895                      2346804.844388702
2900                      2276524.421994587
2905                      2206312.93683542
2910                      2136127.960509205
2915                      2065926.9041837405
2920                      1995666.9196518736
2925                      1925304.79873277
2930                      1854796.8705110226
2935                      1784098.895876781
2940                      1713165.958821203
2945                      1641952.3539036943
2950                      1570411.4692664426
2955                      1498495.664539272
2960                      1426156.1429241674
2965                      1353342.816696124
2970                      1280004.1652914712
2975                      1206087.0850786094
2980                      1131536.7298345813
2985                      1056296.3408414177
2990                      980307.0654219047
2995                      903507.7626012781
3000                      825834.7944529979
3005                      747221.8015215419
3010                      667599.4605352713
3015                      586895.2224245485
3020                      505033.0284201104
3025                      421933.00174163654
3030                      337511.1120820097
3035                      251678.8097479153
3040                      164342.62590331736
3045                      75403.73492266615
3050                      15242.525695468723
3055                      107707.18298873113
3060                      202108.2096375342
3065                      298571.16517949733
3070                      397229.9049813971
3075                      498227.3657001982
3080                      601716.4372849974
3085                      707860.9330800439
3090                      816836.6713831105
3095                      928832.6839087695
3100                      1044052.569101457
3105                      1162716.0111747205
3110                      1285060.489266909
3115                      1411343.2052671204
3120                      1541843.2638723503
3125                      1676864.1444363084
3130                      1816736.5114166767
3135                      1961821.4189911836
3140                      2112513.9760902086
3145                      2269247.551090681
3150                      2432498.6114419894
3155                      2602792.3131046835
3160                      2780708.979185661
3165                      2966891.6374369306
3170                      3162054.8244209047
3175                      3366994.9119753083
3180                      3582602.2724231766
3185                      3809875.67634673
3190                      4049939.4162491844
3195                      4304063.777982675
3200                      4573689.649504039
3205                      4860458.276654551
3210                      5166247.467515022
3215                      5493215.937056003
3220                      5843858.010812142
3225                      6221071.625370388
3230                      6628243.555850804
3235                      7069357.186711689
3240                      7549130.103610556
3245                      8073191.599115646
3250                      8648314.287124846
3255                      9282720.09906765
3260                      9986490.10677734
3265                      1.0772121736662446E7
3270                      1.1655299162359336E7
3275                      1.2655978507219559E7
3280                      1.3799948908572169E7
3285                      1.5121132081817446E7
3290                      1.6665062865980744E7
3295                      1.849432458660361E7
3300                      2.0697352409721646E7
3305                      2.3403319878402047E7
3310                      2.680865105347899E7
3315                      3.122733535741931E7
3320                      3.7194364089206204E7
3325                      4.570169364903233E7
3330                      5.8818620789266415E7
3335                      8.169951833560993E7
3340                      1.3174938634303336E8
3345                      3.2830980393732977E8
3350                      7.150395947283733E8
3355                      1.7395968006014192E8
3360                      9.991094588837595E7
3365                      7.049900415288208E7
3370                      5.470477522056652E7
3375                      4.484483748389131E7
3380                      3.810098218167339E7
3385                      3.319563005373603E7
3390                      2.9465641251499515E7
3395                      2.6532575262578458E7
3400                      2.4164715435687087E7
3405                      2.221224459772845E7
3410                      2.0573998608486738E7
3415                      1.9179199135211166E7
3420                      1.7976841881796088E7
3425                      1.6929241670379903E7
3430                      1.6007951086804941E7
3435                      1.5191093232722724E7
3440                      1.4461568171955522E7
3445                      1.3805816466444265E7
3450                      1.3212947863110434E7
3455                      1.2674115224564303E7
3460                      1.2182056780291712E7
3465                      1.1730756166606916E7
3470                      1.1315186348394781E7
3475                      1.093111422973131E7
3480                      1.0574949810982097E7
3485                      1.0243628477212165E7
3490                      9934518.227960756
3495                      9645345.892975792
3500                      9374137.950310273
3505                      9119172.682765456
3510                      8878941.216787843
3515                      8652115.577574873
3520                      8437522.329184571
3525                      8234120.692726356
3530                      8040984.279437423
3535                      7857285.760585325
3540                      7682283.937650883
3545                      7515312.785457498
3550                      7355772.125664711
3555                      7203119.654447813
3560                      7056864.1002569245
3565                      6916559.32914539
3570                      6781799.247894831
3575                      6652213.38174513
3580                      6527463.024735506
3585                      6407237.877951947
3590                      6291253.105001038
3595                      6179246.745444795
3600                      6070977.436400344
3605                      5966222.400277696
3610                      5864775.663006955
3615                      5766446.472502946
3620                      5671057.89153011
3625                      5578445.542906288
3630                      5488456.488085222
3635                      5400948.22281098
3640                      5315787.77578832
3645                      5232850.898195332
3650                      5152021.333462759
3655                      5073190.158163774
3660                      4996255.186004365
3665                      4921120.427893007
3670                      4847695.602015476
3675                      4775895.688486188
3680                      4705640.52389533
3685                      4636854.431535202
3690                      4569465.883672266
3695                      4503407.1925728675
3700                      4438614.227407154
3705                      4375026.154467682
3710                      4312585.198407913
3715                      4251236.422480118
3720                      4190927.5259291986
3725                      4131608.656943282
3730                      4073232.239678327
3735                      4015752.8140530847
3740                      3959126.887142265
3745                      3903312.7950915373
3750                      3848270.5746067413
3755                      3793961.8431377565
3760                      3740349.686981614
3765                      3687398.5565747176
3770                      3635074.168340924
3775                      3583343.412485523
3780                      3532174.266204425
3785                      3481535.711800767
3790                      3431397.65926351
3795                      3381730.872878866
3800                      3332506.901477996
3805                      3283698.0119848023
3810                      3235277.1258952273
3815                      3187217.758399596
3820                      3139493.9598422553
3825                      3092080.2592357644
3830                      3044951.6095818304
3835                      2998083.33472986
3840                      2951451.0775430133
3845                      2905030.749143573
3850                      2858798.478997569
3855                      2812730.5656329854
3860                      2766803.4277677326
3865                      2720993.555634135
3870                      2675277.4622852644
3875                      2629631.634663935
3880                      2584032.4842199064
3885                      2538456.2968451474
3890                      2492879.1819020896
3895                      2447277.0200975314
3900                      2401625.409960741
3905                      2355899.612655581
3910                      2310074.494852007
3915                      2264124.46936345
3920                      2218023.4332288303
3925                      2171744.702907967
3930                      2125260.9462199723
3935                      2078544.1106319826
3940                      2031565.3474660474
3945                      1984294.9315596658
3950                      1936702.1758663468
3955                      1888755.34042963
3960                      1840421.5351174045
3965                      1791666.6154313288
3970                      1742455.070634017
3975                      1692749.9033597067
3980                      1642512.499774236
3985                      1591702.4892480518
3990                      1540277.5923863398
3995                      1488193.4561159522
4000                      1435403.4743817039
4005                      1381858.5928148832
4010                      1327507.09554458
4015                      1272294.3720686678
4020                      1216162.661849537
4025                      1159050.7739756554
4030                      1100893.778873377
4035                      1041622.6686408032
4040                      981163.9820873146
4045                      919439.3900080358
4050                      856365.2355625363
4055                      791852.0238750323
4060                      725803.854068566
4065                      658117.7859024006
4070                      588683.1319527272
4075                      517380.6648056633
4080                      444081.7270111745
4085                      368647.22948900214
4090                      290926.5216221351
4095                      210756.11334154036
4100                      127958.22597726058
4105                      42339.144391082016
4110                      46312.66223980944
4115                      138228.68989258973
4120                      233662.8659751625
4125                      332894.38835725875
4130                      436231.004682685
4135                      544012.8138330092
4140                      656616.6892864186
4145                      774461.4464869624
4150                      898013.9045442797
4155                      1027796.0283046106
4160                      1164393.382417448
4165                      1308465.1875737598
4170                      1460756.3448069205
4175                      1622111.8924749414
4180                      1793494.4902615487
4185                      1976005.6964850125
4190                      2170912.0349917808
4195                      2379677.1586563867
4200                      2604001.840593618
4205                      2845874.109761974
4210                      3107632.6657625576
4215                      3392047.8658987577
4220                      3702426.2405070453
4225                      4042746.9171711532
4230                      4417841.928817077
4235                      4833637.807772207
4240                      5297484.227998062
4245                      5818608.624976263
4250                      6408756.977623288
4255                      7083116.20352029
4260                      7861673.971835045
4265                      8771278.706932766
4270                      9848859.899937227
4275                      1.1146650196960067E7
4280                      1.274102875736871E7
4285                      1.4748298441586165E7
4290                      1.7354693009492643E7
4295                      2.0878237076973855E7
4300                      2.5910384918072928E7
4305                      3.369033986846316E7
4310                      4.7326135963887274E7
4315                      7.744968045277254E7
4320                      1.99883522374731E8
4325                      3.819703089225289E8
4330                      1.0028999775564145E8
4335                      5.856678093851885E7
4340                      4.176240923701937E7
4345                      3.2682189032518163E7
4350                      2.6992939657701045E7
4355                      2.3092056169142287E7
4360                      2.024937878167029E7
4365                      1.8084623066108435E7
4370                      1.6380233641088951E7
4375                      1.5002753198554734E7
4380                      1.386576720071841E7
4385                      1.291085459073888E7
4390                      1.2097101493787838E7
4395                      1.139500015376486E7
4400                      1.0782733016496008E7
4405                      1.0243820648718655E7
4410                      9765583.167137867
4415                      9338104.806966819
4420                      8953519.593454877
4425                      8605507.650478328
4430                      8288933.077256448
4435                      7999579.049473615
4440                      7733950.995406908
4445                      7489128.275288348
4450                      7262650.969318874
4455                      7052432.446672813
4460                      6856691.11651327
4465                      6673896.624354823
4470                      6502727.0482067885
4475                      6342034.55734526
4480                      6190817.643940441
4485                      6048198.505206001
4490                      5913404.494911611
4495                      5785752.814934963
4500                      5664637.805198081
4505                      5549520.331605184
4510                      5439918.878730076
4515                      5335402.036079245
4520                      5235582.130009908
4525                      5140109.802521716
4530                      5048669.3766413
4535                      4960974.8783662105
4540                      4876766.6091243345
4545                      4795808.181873786
4550                      4717883.949265763
4555                      4642796.764638378
4560                      4570366.026654727
4565                      4500425.966491005
4570                      4432824.143190802
4575                      4367420.118215714
4580                      4304084.28477246
4585                      4242696.831219554
4590                      4183146.82094346
4595                      4125331.3737106845
4600                      4069154.935649691
4605                      4014528.626852711
4610                      3961369.6571180234
4615                      3909600.8016493963
4620                      3859149.9296359443
4625                      3809949.579581892
4630                      3761936.576034168
4635                      3715051.6830641325
4640                      3669239.2904287335
4645                      3624447.1288574324
4650                      3580626.0113288034
4655                      3537729.5976028396
4660                      3495714.1795653338
4665                      3454538.485263414
4670                      3414163.4997291593
4675                      3374552.300910141
4680                      3335669.9092261833
4685                      3297483.1494140076
4690                      3259960.523487569
4695                      3223072.093748872
4700                      3186789.3749168026
4705                      3151085.234513165
4710                      3115933.8007609397
4715                      3081310.3773029936
4720                      3047191.364131561
4725                      3013554.1841741647
4730                      2980377.215033136
4735                      2947639.725430109
4740                      2915321.8159415643
4745                      2883404.363658503
4750                      2851868.9704236384
4755                      2820697.9143487187
4760                      2789874.1043223958
4765                      2759381.0372548457
4770                      2729202.7578242286
4775                      2699323.820511874
4780                      2669729.2537194923
4785                      2640404.5257958355
4790                      2611335.512795998
4795                      2582508.4678223594
4800                      2553909.991795871
4805                      2525527.0055304295
4810                      2497346.722974883
4815                      2469356.6255115364
4820                      2441544.437192538
4825                      2413898.1008172394
4830                      2386405.75473772
4835                      2359055.710310372
4840                      2331836.4298912454
4845                      2304736.505290149
4850                      2277744.6365991053
4855                      2250849.611308218
4860                      2224040.283626609
4865                      2197305.5539292553
4870                      2170634.34824523
4875                      2144015.5977079966
4880                      2117438.2178825415
4885                      2090891.0878911281
4890                      2064363.0292449794
4895                      2037842.7842970213
4900                      2011318.9942277228
4905                      1984780.1764617027
4910                      1958214.7014197386
4915                      1931610.768500559
4920                      1904956.3811777576
4925                      1878239.3210985477
4930                      1851447.1210510756
4935                      1824567.0366675218
4940                      1797586.0167169913
4945                      1770490.6718257323
4950                      1743267.2414562944
4955                      1715901.5589549425
4960                      1688379.014465788
4965                      1660684.5154861703
4970                      1632802.4448170003
4975                      1604716.6156437509
4980                      1576410.2234432863
4985                      1547865.7943959394
4990                      1519065.1299353584
4995                      1489989.247037746
5000                      1460618.3138010292
