   1.0000000e+02   3.8919700e+06   1.4839215e+00
   1.0613267e+02   4.1641155e+06   1.4782282e+00
   1.1226534e+02   4.5108381e+06   1.4827090e+00
   1.1839799e+02   4.7128445e+06   1.4891145e+00
   1.2453066e+02   5.1823149e+06   1.4662952e+00
   1.3066333e+02   5.5123827e+06   1.4792918e+00
   1.3679599e+02   5.9281429e+06   1.4656575e+00
   1.4292867e+02   6.2928083e+06   1.4644586e+00
   1.4906133e+02   6.7790252e+06   1.4603006e+00
   1.5519398e+02   7.2410200e+06   1.4578243e+00
   1.6132666e+02   7.7604566e+06   1.4494740e+00
   1.6745932e+02   8.2882628e+06   1.4490979e+00
   1.7359200e+02   8.8433750e+06   1.4411241e+00
   1.7972466e+02   9.5676647e+06   1.4082052e+00
   1.8585732e+02   1.0325636e+07   1.4291787e+00
   1.9198999e+02   1.1041595e+07   1.4117897e+00
   1.9812265e+02   1.1880746e+07   1.3996042e+00
   2.0425533e+02   1.2897059e+07   1.3885089e+00
   2.1038799e+02   1.3865304e+07   1.3795195e+00
   2.1652065e+02   1.5108915e+07   1.3781386e+00
   2.2265332e+02   1.6746292e+07   1.3671552e+00
   2.2878598e+02   1.8464645e+07   1.3613590e+00
   2.3491866e+02   2.1377441e+07   1.3515919e+00
   2.4105132e+02   2.4772520e+07   1.3248360e+00
   2.4718398e+02   2.8871952e+07   1.2406125e+00
   2.5331665e+02   3.3539626e+07   1.1600923e+00
   2.5944931e+02   3.8694412e+07   1.0626845e+00
   2.6558197e+02   4.5975300e+07   9.2421224e-01
   2.7171463e+02   5.3682264e+07   7.7002691e-01
   2.7784732e+02   6.3923700e+07   5.4597496e-01
   2.8397998e+02   7.1739327e+07   2.6215717e-01
   2.9011264e+02   7.3300153e+07  -7.2363135e-02
   2.9624530e+02   6.7745770e+07  -3.8470575e-01
   3.0237796e+02   5.8448261e+07  -6.3436276e-01
   3.0851065e+02   4.9231006e+07  -8.2078729e-01
   3.1464331e+02   4.2193414e+07  -9.4746862e-01
   3.2077597e+02   3.6424063e+07  -1.0420194e+00
   3.2690863e+02   3.1671077e+07  -1.1169128e+00
   3.3304129e+02   2.7920330e+07  -1.1707843e+00
   3.3917398e+02   2.4984758e+07  -1.2130528e+00
   3.4530664e+02   2.2485350e+07  -1.2475402e+00
   3.5143930e+02   2.0462794e+07  -1.2767652e+00
   3.5757196e+02   1.8716721e+07  -1.2956810e+00
   3.6370462e+02   1.7267341e+07  -1.3148169e+00
   3.6983731e+02   1.6015547e+07  -1.3322839e+00
   3.7596997e+02   1.4919489e+07  -1.3468453e+00
   3.8210263e+02   1.3947377e+07  -1.3602245e+00
   3.8823529e+02   1.3092643e+07  -1.3718841e+00
   3.9436795e+02   1.2318489e+07  -1.3828195e+00
   4.0050064e+02   1.1620948e+07  -1.3929434e+00
   4.0663330e+02   1.0984376e+07  -1.4020617e+00
   4.1276596e+02   1.0402427e+07  -1.4105135e+00
   4.1889862e+02   9.8694491e+06  -1.4183383e+00
   4.2503128e+02   9.3753291e+06  -1.4251601e+00
   4.3116394e+02   8.9168813e+06  -1.4313542e+00
   4.3729663e+02   8.4903309e+06  -1.4372636e+00
   4.4342929e+02   8.0902151e+06  -1.4424280e+00
   4.4956195e+02   7.7190182e+06  -1.4470801e+00
   4.5569461e+02   7.3708467e+06  -1.4515277e+00
   4.6182727e+02   7.0413178e+06  -1.4555172e+00
   4.6795996e+02   6.7305929e+06  -1.4590166e+00
   4.7409262e+02   6.4378323e+06  -1.4622747e+00
   4.8022528e+02   6.1567580e+06  -1.4655438e+00
   4.8635794e+02   5.8894102e+06  -1.4682667e+00
   4.9249060e+02   5.6372968e+06  -1.4705505e+00
   4.9862329e+02   5.3939491e+06  -1.4724163e+00
   5.0475595e+02   5.1623342e+06  -1.4746497e+00
   5.1088861e+02   4.9373263e+06  -1.4764751e+00
   5.1702130e+02   4.7222183e+06  -1.4780461e+00
   5.2315393e+02   4.5146475e+06  -1.4793872e+00
   5.2928662e+02   4.3138733e+06  -1.4803511e+00
   5.3541925e+02   4.1208965e+06  -1.4812304e+00
   5.4155194e+02   3.9326641e+06  -1.4815012e+00
   5.4768463e+02   3.7511700e+06  -1.4818625e+00
   5.5381726e+02   3.5733644e+06  -1.4820451e+00
   5.5994995e+02   3.3996199e+06  -1.4812963e+00
   5.6608258e+02   3.2329038e+06  -1.4800804e+00
   5.7221527e+02   3.0695269e+06  -1.4791972e+00
   5.7834796e+02   2.9092199e+06  -1.4777282e+00
   5.8448059e+02   2.7506224e+06  -1.4760582e+00
   5.9061328e+02   2.5948203e+06  -1.4726750e+00
   5.9674591e+02   2.4449619e+06  -1.4691639e+00
   6.0287860e+02   2.2945761e+06  -1.4655262e+00
   6.0901129e+02   2.1456983e+06  -1.4598531e+00
   6.1514392e+02   2.0007151e+06  -1.4525165e+00
   6.2127661e+02   1.8590635e+06  -1.4441469e+00
   6.2740924e+02   1.7189116e+06  -1.4344487e+00
   6.3354193e+02   1.5782510e+06  -1.4230552e+00
   6.3967462e+02   1.4414205e+06  -1.4068429e+00
   6.4580725e+02   1.3075661e+06  -1.3894371e+00
   6.5193994e+02   1.1728002e+06  -1.3681907e+00
   6.5807257e+02   1.0394918e+06  -1.3401818e+00
   6.6420526e+02   9.0726784e+05  -1.3042551e+00
   6.7033795e+02   7.7517761e+05  -1.2540533e+00
   6.7647058e+02   6.4694280e+05  -1.1808883e+00
   6.8260327e+02   5.2292911e+05  -1.0702336e+00
   6.8873590e+02   4.1107031e+05  -8.9064268e-01
   6.9486859e+02   3.2298882e+05  -6.0128834e-01
   7.0100128e+02   2.7643454e+05  -1.5730191e-01
   7.0713391e+02   2.9987932e+05   3.3721981e-01
   7.1326660e+02   3.7922993e+05   6.9191656e-01
   7.1939923e+02   4.8903783e+05   9.0673640e-01
   7.2553192e+02   6.1637531e+05   1.0394484e+00
   7.3166455e+02   7.5212596e+05   1.1250955e+00
   7.3779724e+02   8.9929487e+05   1.1837053e+00
   7.4392993e+02   1.0444733e+06   1.2292475e+00
   7.5006256e+02   1.2056585e+06   1.2629082e+00
   7.5619525e+02   1.3702962e+06   1.2844184e+00
   7.6232788e+02   1.5352364e+06   1.3004727e+00
   7.6846057e+02   1.7029285e+06   1.3140832e+00
   7.7459326e+02   1.8838230e+06   1.3263631e+00
   7.8072589e+02   2.0686626e+06   1.3338509e+00
   7.8685858e+02   2.2681318e+06   1.3354425e+00
   7.9299121e+02   2.4535245e+06   1.3488130e+00
   7.9912390e+02   2.6677428e+06   1.3532500e+00
   8.0525659e+02   2.8396457e+06   1.3540961e+00
   8.1138922e+02   3.0842833e+06   1.3641394e+00
   8.1752191e+02   3.3401093e+06   1.3698284e+00
   8.2365454e+02   3.6178606e+06   1.3689990e+00
   8.2978723e+02   3.8649258e+06   1.3628753e+00
   8.3591992e+02   4.1590431e+06   1.3614719e+00
   8.4205255e+02   4.4620238e+06   1.3627400e+00
   8.4818524e+02   4.8137533e+06   1.3623976e+00
   8.5431787e+02   5.2169810e+06   1.3553363e+00
   8.6045056e+02   5.6594373e+06   1.3366322e+00
   8.6658325e+02   5.9808035e+06   1.3207778e+00
   8.7271588e+02   6.4471792e+06   1.3133276e+00
   8.7884857e+02   6.8800444e+06   1.3183841e+00
   8.8498120e+02   7.4293478e+06   1.3092789e+00
   8.9111389e+02   8.1155009e+06   1.3018007e+00
   8.9724658e+02   8.8715987e+06   1.2880800e+00
   9.0337921e+02   9.6834801e+06   1.2703381e+00
   9.0951190e+02   1.0665914e+07   1.2498067e+00
   9.1564453e+02   1.1889196e+07   1.2235976e+00
   9.2177722e+02   1.3264835e+07   1.1965381e+00
   9.2790991e+02   1.5055510e+07   1.1482250e+00
   9.3404254e+02   1.7184098e+07   1.0913629e+00
   9.4017523e+02   1.9790053e+07   1.0123062e+00
   9.4630786e+02   2.2845094e+07   9.1413152e-01
   9.5244055e+02   2.6764446e+07   7.8421844e-01
   9.5857324e+02   3.1110659e+07   6.0222307e-01
   9.6470587e+02   3.5341415e+07   3.7111226e-01
   9.7083856e+02   3.8182576e+07   8.0879752e-02
   9.7697119e+02   3.7268219e+07  -2.2627087e-01
   9.8310388e+02   3.3433568e+07  -5.0113033e-01
   9.8923657e+02   2.8599721e+07  -7.0261665e-01
   9.9536920e+02   2.4653841e+07  -8.4296108e-01
   1.0015019e+03   2.1361044e+07  -9.6212205e-01
   1.0076345e+03   1.8461995e+07  -1.0433620e+00
   1.0137672e+03   1.6293567e+07  -1.1079236e+00
   1.0198999e+03   1.4424608e+07  -1.1598756e+00
   1.0260326e+03   1.2827620e+07  -1.2090923e+00
   1.0321652e+03   1.1486007e+07  -1.2394385e+00
   1.0382979e+03   1.0394475e+07  -1.2634128e+00
   1.0444305e+03   9.4193208e+06  -1.2888101e+00
   1.0505632e+03   8.5525504e+06  -1.3063303e+00
   1.0566959e+03   7.8458174e+06  -1.3065370e+00
   1.0628285e+03   7.2365923e+06  -1.3172964e+00
   1.0689612e+03   6.6510473e+06  -1.3233572e+00
   1.0750939e+03   6.1179246e+06  -1.3251914e+00
   1.0812266e+03   5.6350336e+06  -1.3289083e+00
   1.0873593e+03   5.2228785e+06  -1.3194567e+00
   1.0934918e+03   4.9681295e+06  -1.2884913e+00
   1.0996245e+03   4.6898160e+06  -1.2994736e+00
   1.1057572e+03   4.3781753e+06  -1.3242584e+00
   1.1118899e+03   4.0416983e+06  -1.3258735e+00
   1.1180226e+03   3.7486516e+06  -1.3241791e+00
   1.1241552e+03   3.4646797e+06  -1.3189223e+00
   1.1302878e+03   3.1995308e+06  -1.3123232e+00
   1.1364205e+03   2.9459410e+06  -1.3031056e+00
   1.1425532e+03   2.7023330e+06  -1.2882867e+00
   1.1486859e+03   2.4771980e+06  -1.2690970e+00
   1.1548185e+03   2.2986737e+06  -1.2555847e+00
   1.1609512e+03   2.0416067e+06  -1.2219799e+00
   1.1670839e+03   1.8519799e+06  -1.2051404e+00
   1.1732166e+03   1.6451243e+06  -1.1620015e+00
   1.1793492e+03   1.4480481e+06  -1.0992641e+00
   1.1854818e+03   1.3074247e+06  -1.0090361e+00
   1.1916145e+03   1.1641905e+06  -9.1123682e-01
   1.1977472e+03   1.0337677e+06  -7.7851557e-01
   1.2038799e+03   9.1009891e+05  -6.6108126e-01
   1.2100126e+03   8.2755494e+05  -4.5977601e-01
   1.2161451e+03   7.6523505e+05  -2.4757722e-01
   1.2222778e+03   7.7471460e+05   7.1651239e-04
   1.2284105e+03   8.2622996e+05   2.1738594e-01
   1.2345432e+03   8.9531887e+05   3.8600787e-01
   1.2406759e+03   9.9187919e+05   5.4036137e-01
   1.2468085e+03   1.1223512e+06   6.9173194e-01
   1.2529412e+03   1.2914884e+06   7.8532218e-01
   1.2590739e+03   1.4694397e+06   8.6141766e-01
   1.2652065e+03   1.6492855e+06   9.1684841e-01
   1.2713392e+03   1.8363949e+06   9.6142721e-01
   1.2774718e+03   2.0372295e+06   9.9320370e-01
   1.2836045e+03   2.2489246e+06   1.0256106e+00
   1.2897372e+03   2.4826670e+06   1.0441134e+00
   1.2958699e+03   2.7180801e+06   1.0621884e+00
   1.3020026e+03   2.9700455e+06   1.0759766e+00
   1.3081351e+03   3.2309405e+06   1.0804830e+00
   1.3142678e+03   3.5176723e+06   1.0887201e+00
   1.3204005e+03   3.8034017e+06   1.0984696e+00
   1.3265332e+03   4.1714425e+06   1.1065472e+00
   1.3326658e+03   4.5673997e+06   1.1058036e+00
   1.3387985e+03   4.9473873e+06   1.1032924e+00
   1.3449312e+03   5.4144582e+06   1.0967694e+00
   1.3510638e+03   5.9696712e+06   1.0801555e+00
   1.3571965e+03   6.5419496e+06   1.0642537e+00
   1.3633291e+03   7.2075761e+06   1.0342799e+00
   1.3694618e+03   7.9604242e+06   1.0195787e+00
   1.3755945e+03   8.8989613e+06   9.8590476e-01
   1.3817272e+03   1.0052759e+07   9.4048855e-01
   1.3878599e+03   1.1266057e+07   8.6704810e-01
   1.3939924e+03   1.2685923e+07   7.8456126e-01
   1.4001251e+03   1.4236626e+07   6.8217428e-01
   1.4062578e+03   1.5982410e+07   5.5851675e-01
   1.4123905e+03   1.7879485e+07   3.9284167e-01
   1.4185232e+03   1.9219294e+07   1.8589263e-01
   1.4246558e+03   1.9457880e+07  -2.9957771e-02
   1.4307885e+03   1.8900492e+07  -2.4031467e-01
   1.4369211e+03   1.8060265e+07  -4.1629690e-01
   1.4430538e+03   1.6166637e+07  -5.6735796e-01
   1.4491865e+03   1.4624651e+07  -7.1827966e-01
   1.4553191e+03   1.2826180e+07  -8.3199516e-01
   1.4614518e+03   1.1210401e+07  -8.9363634e-01
   1.4675845e+03   9.9721529e+06  -9.4627203e-01
   1.4737172e+03   9.4082961e+06  -1.0003482e+00
   1.4798499e+03   8.5254624e+06  -1.0445851e+00
   1.4859824e+03   7.6870830e+06  -1.0890934e+00
   1.4921151e+03   6.9328988e+06  -1.1123305e+00
   1.4982478e+03   6.3237816e+06  -1.1263197e+00
   1.5043805e+03   5.8149467e+06  -1.1317758e+00
   1.5105132e+03   5.3659037e+06  -1.1497982e+00
   1.5166458e+03   4.9557771e+06  -1.1516382e+00
   1.5227784e+03   4.5414861e+06  -1.1578532e+00
   1.5289111e+03   4.2138413e+06  -1.1516159e+00
   1.5350438e+03   3.9051873e+06  -1.1441095e+00
   1.5411765e+03   3.6348035e+06  -1.1273125e+00
   1.5473091e+03   3.4213457e+06  -1.1235005e+00
   1.5534418e+03   3.1839323e+06  -1.1163185e+00
   1.5595745e+03   2.9441046e+06  -1.1017369e+00
   1.5657072e+03   2.7460871e+06  -1.0788130e+00
   1.5718398e+03   2.5743883e+06  -1.0622395e+00
   1.5779724e+03   2.3863422e+06  -1.0384841e+00
   1.5841051e+03   2.2299216e+06  -1.0119671e+00
   1.5902378e+03   2.0720430e+06  -9.7907477e-01
   1.5963705e+03   1.9403563e+06  -9.4337720e-01
   1.6025032e+03   1.8016872e+06  -9.1158936e-01
   1.6086357e+03   1.6737364e+06  -8.6324236e-01
   1.6147684e+03   1.5637766e+06  -8.1259854e-01
   1.6209011e+03   1.4410700e+06  -7.6468869e-01
   1.6270338e+03   1.3336403e+06  -6.9292244e-01
   1.6331665e+03   1.2331973e+06  -6.0289403e-01
   1.6392991e+03   1.1653920e+06  -4.9741196e-01
   1.6454318e+03   1.1230245e+06  -3.9344505e-01
   1.6515645e+03   1.0822354e+06  -3.0094578e-01
   1.6576971e+03   1.0424460e+06  -1.7507570e-01
   1.6638298e+03   1.0361117e+06  -5.1905812e-02
   1.6699624e+03   1.0534778e+06   6.6052876e-02
   1.6760951e+03   1.0829950e+06   1.7314042e-01
   1.6822278e+03   1.1236431e+06   2.7418729e-01
   1.6883605e+03   1.2024991e+06   3.4009788e-01
   1.6944932e+03   1.2326774e+06   4.0947404e-01
   1.7006257e+03   1.2384220e+06   4.8593983e-01
   1.7067584e+03   1.2886041e+06   6.0607592e-01
   1.7128911e+03   1.3897299e+06   6.8877082e-01
   1.7190238e+03   1.5118978e+06   7.4756034e-01
   1.7251565e+03   1.6120263e+06   7.7873650e-01
   1.7312891e+03   1.7137992e+06   8.3599947e-01
   1.7374218e+03   1.8379719e+06   8.7146823e-01
   1.7435544e+03   1.9686298e+06   9.0482078e-01
   1.7496871e+03   2.1039371e+06   9.3387277e-01
   1.7558198e+03   2.2586630e+06   9.5116830e-01
   1.7619524e+03   2.3842761e+06   9.5875592e-01
   1.7680851e+03   2.4949836e+06   9.8244290e-01
   1.7742178e+03   2.6603466e+06   1.0103153e+00
   1.7803505e+03   2.8578806e+06   1.0217476e+00
   1.7864832e+03   3.0064499e+06   1.0262495e+00
   1.7926157e+03   3.1881973e+06   1.0263236e+00
   1.7987484e+03   3.3795516e+06   1.0340267e+00
   1.8048811e+03   3.5932612e+06   1.0493448e+00
   1.8110138e+03   3.8378692e+06   1.0526471e+00
   1.8171465e+03   4.0765304e+06   1.0360029e+00
   1.8232791e+03   4.3241005e+06   1.0244614e+00
   1.8294117e+03   4.5118138e+06   1.0120719e+00
   1.8355444e+03   4.7789861e+06   1.0053062e+00
   1.8416771e+03   5.0754700e+06   1.0026702e+00
   1.8478098e+03   5.3942439e+06   9.8917013e-01
   1.8539424e+03   5.7748885e+06   9.7377308e-01
   1.8600751e+03   6.1473153e+06   9.4663238e-01
   1.8662078e+03   6.4738241e+06   9.1123333e-01
   1.8723405e+03   6.8593160e+06   8.8581429e-01
   1.8784731e+03   7.2893202e+06   8.5280314e-01
   1.8846057e+03   7.7903260e+06   8.1313625e-01
   1.8907384e+03   8.2727111e+06   7.6319615e-01
   1.8968711e+03   8.7422880e+06   7.0227524e-01
   1.9030038e+03   9.1445879e+06   6.4766274e-01
   1.9091365e+03   9.5752840e+06   5.8262185e-01
   1.9152690e+03   1.0004660e+07   5.1149863e-01
   1.9214017e+03   1.0368532e+07   4.3241744e-01
   1.9275344e+03   1.0634426e+07   3.5346807e-01
   1.9336671e+03   1.0880031e+07   2.6767710e-01
   1.9397998e+03   1.1034762e+07   1.8079986e-01
   1.9459324e+03   1.1131565e+07   8.6848577e-02
   1.9520651e+03   1.0895099e+07  -3.0272980e-02
   1.9581978e+03   1.0187323e+07  -1.0284481e-01
   1.9643304e+03   9.8949943e+06  -1.3310671e-01
   1.9704631e+03   9.7915228e+06  -1.8778930e-01
   1.9765957e+03   9.6565894e+06  -2.5576225e-01
   1.9827284e+03   9.3648019e+06  -3.2778054e-01
   1.9888611e+03   8.9681145e+06  -3.9362328e-01
   1.9949938e+03   8.6240599e+06  -4.4822893e-01
   2.0011265e+03   8.2023028e+06  -5.2203909e-01
   2.0072590e+03   7.4472602e+06  -5.5620756e-01
   2.0133917e+03   7.0037162e+06  -5.8098719e-01
   2.0195244e+03   6.7058055e+06  -5.9129949e-01
   2.0256571e+03   6.3766919e+06  -6.1842347e-01
   2.0317898e+03   6.0732969e+06  -6.2460284e-01
   2.0379224e+03   5.8105670e+06  -6.4863699e-01
   2.0440551e+03   5.5002095e+06  -6.6527971e-01
   2.0501877e+03   5.1856395e+06  -6.8241806e-01
   2.0563203e+03   4.8852842e+06  -6.7818770e-01
   2.0624531e+03   4.6754213e+06  -6.7322275e-01
   2.0685857e+03   4.4434628e+06  -6.6866680e-01
   2.0747185e+03   4.2190376e+06  -6.5609939e-01
   2.0808511e+03   4.0511340e+06  -6.3540716e-01
   2.0869836e+03   3.9585186e+06  -6.1654102e-01
   2.0931165e+03   3.8045572e+06  -6.2382763e-01
   2.0992490e+03   3.6258068e+06  -5.9103743e-01
   2.1053818e+03   3.5856276e+06  -5.6133158e-01
   2.1115144e+03   3.5947459e+06  -5.6363214e-01
   2.1176470e+03   3.4933805e+06  -5.7558622e-01
   2.1237798e+03   3.3420689e+06  -5.9093151e-01
   2.1299124e+03   3.1756150e+06  -5.8706036e-01
   2.1360452e+03   3.0209438e+06  -5.7068658e-01
   2.1421777e+03   2.8717304e+06  -5.5370502e-01
   2.1483103e+03   2.6915479e+06  -5.2269236e-01
   2.1544431e+03   2.5704895e+06  -4.5574256e-01
   2.1605757e+03   2.5177501e+06  -4.1034265e-01
   2.1667085e+03   2.4714503e+06  -3.4965690e-01
   2.1728411e+03   2.4592728e+06  -2.9838461e-01
   2.1789736e+03   2.4815135e+06  -2.5482452e-01
   2.1851064e+03   2.5014827e+06  -2.3186684e-01
   2.1912390e+03   2.4734189e+06  -2.1507895e-01
   2.1973718e+03   2.3531007e+06  -1.8511625e-01
   2.2035044e+03   2.3297549e+06  -1.0120681e-01
   2.2096370e+03   2.4185710e+06  -3.3255243e-02
   2.2157698e+03   2.5154235e+06  -8.5156788e-03
   2.2219023e+03   2.5770177e+06   1.1484262e-02
   2.2280352e+03   2.5768187e+06   2.5197567e-02
   2.2341677e+03   2.6017354e+06   6.3923216e-02
   2.2403003e+03   2.6132684e+06   8.6774710e-02
   2.2464331e+03   2.6642698e+06   1.3591089e-01
   2.2525657e+03   2.7667777e+06   1.8044675e-01
   2.2586985e+03   2.8890433e+06   2.0895838e-01
   2.2648311e+03   3.0449288e+06   2.3138113e-01
   2.2709636e+03   3.1848768e+06   2.2238449e-01
   2.2770964e+03   3.2900037e+06   2.3046897e-01
   2.2832290e+03   3.4276153e+06   2.2177716e-01
   2.2893618e+03   3.5666558e+06   2.0159195e-01
   2.2954944e+03   3.5631577e+06   1.7712464e-01
   2.3016270e+03   3.5473180e+06   1.7969803e-01
   2.3077598e+03   3.5492536e+06   2.0460175e-01
   2.3138923e+03   3.6725271e+06   2.4357269e-01
   2.3200251e+03   3.8910425e+06   2.6838133e-01
   2.3261577e+03   4.2496838e+06   2.4699471e-01
   2.3322903e+03   4.4132940e+06   2.0542215e-01
   2.3384231e+03   4.5730864e+06   1.4449460e-01
   2.3445557e+03   4.5130449e+06   1.1955234e-01
   2.3506885e+03   4.5551404e+06   1.0352672e-01
   2.3568210e+03   4.6376224e+06   1.0816979e-01
   2.3629536e+03   4.8072262e+06   8.1056522e-02
   2.3690864e+03   4.9482097e+06   4.6209500e-02
   2.3752190e+03   4.9655350e+06   5.7110663e-03
   2.3813518e+03   5.0732082e+06  -2.0201563e-02
   2.3874844e+03   5.0639584e+06  -6.8429094e-02
   2.3936169e+03   5.0529287e+06  -9.5699811e-02
   2.3997498e+03   5.0600663e+06  -1.2558631e-01
   2.4058823e+03   5.0447736e+06  -1.5671555e-01
   2.4120151e+03   5.0209688e+06  -1.8209738e-01
   2.4181477e+03   4.9963074e+06  -2.1941463e-01
   2.4242803e+03   4.9740733e+06  -2.4850513e-01
   2.4304131e+03   4.8904301e+06  -2.7632261e-01
   2.4365457e+03   4.8133247e+06  -3.1039912e-01
   2.4426785e+03   4.7132689e+06  -3.2129292e-01
   2.4488110e+03   4.7039169e+06  -3.5394301e-01
   2.4549436e+03   4.5923705e+06  -3.9600851e-01
   2.4610764e+03   4.4508731e+06  -4.1023893e-01
   2.4672090e+03   4.3110051e+06  -4.1873668e-01
   2.4733418e+03   4.2601232e+06  -4.2063199e-01
   2.4794744e+03   4.1782745e+06  -4.3475009e-01
   2.4856069e+03   4.0370945e+06  -4.6311989e-01
   2.4917397e+03   3.9295648e+06  -4.6812346e-01
   2.4978723e+03   3.8622622e+06  -4.6251137e-01
   2.5040051e+03   3.7777553e+06  -4.8137087e-01
   2.5101377e+03   3.6864954e+06  -4.8327999e-01
   2.5162703e+03   3.6085008e+06  -4.7779518e-01
   2.5224031e+03   3.5599164e+06  -4.6864868e-01
   2.5285356e+03   3.5244052e+06  -4.7375236e-01
   2.5346685e+03   3.4182198e+06  -5.0081911e-01
   2.5408010e+03   3.3333513e+06  -4.9731647e-01
   2.5469336e+03   3.2747819e+06  -4.9262041e-01
   2.5530664e+03   3.2134410e+06  -4.9885723e-01
   2.5591990e+03   3.1192566e+06  -4.9606879e-01
   2.5653315e+03   3.0709347e+06  -5.0222889e-01
   2.5714644e+03   2.9766897e+06  -5.0022275e-01
   2.5775969e+03   2.8465524e+06  -4.9363910e-01
   2.5837297e+03   2.8143996e+06  -4.6632110e-01
   2.5898623e+03   2.7729546e+06  -4.5887284e-01
   2.5959949e+03   2.7170331e+06  -4.5438663e-01
   2.6021277e+03   2.6219935e+06  -4.4847732e-01
   2.6082603e+03   2.5577328e+06  -4.3086467e-01
   2.6143931e+03   2.5014768e+06  -4.1091323e-01
   2.6205256e+03   2.4634178e+06  -3.7206409e-01
   2.6266582e+03   2.4326268e+06  -3.5207785e-01
   2.6327910e+03   2.4148548e+06  -3.4685051e-01
   2.6389236e+03   2.3320612e+06  -3.3308081e-01
   2.6450564e+03   2.3046440e+06  -2.9803164e-01
   2.6511890e+03   2.2404899e+06  -2.7009217e-01
   2.6573215e+03   2.2293629e+06  -2.2393889e-01
   2.6634543e+03   2.2351863e+06  -1.9880588e-01
   2.6695869e+03   2.1712457e+06  -1.7873106e-01
   2.6757197e+03   2.1488775e+06  -1.0806993e-01
   2.6818523e+03   2.2039076e+06  -5.1491693e-02
   2.6879849e+03   2.2983504e+06  -1.6744469e-02
   2.6941177e+03   2.3603833e+06  -1.6360260e-02
   2.7002502e+03   2.3105093e+06   6.1312229e-04
   2.7063831e+03   2.3220649e+06   5.1123403e-02
   2.7125156e+03   2.4153589e+06   1.0230946e-01
   2.7186482e+03   2.5254690e+06   1.2145289e-01
   2.7247810e+03   2.5697698e+06   1.3742955e-01
   2.7309136e+03   2.6731236e+06   1.5305108e-01
   2.7370464e+03   2.7613438e+06   1.6902785e-01
   2.7431790e+03   2.8414302e+06   1.8969758e-01
   2.7493115e+03   2.9542979e+06   2.0252834e-01
   2.7554443e+03   3.0721469e+06   2.2743458e-01
   2.7615769e+03   3.2767380e+06   2.2664107e-01
   2.7677097e+03   3.4419537e+06   2.2122355e-01
   2.7738423e+03   3.6246768e+06   2.0740125e-01
   2.7799749e+03   3.7805728e+06   1.8802962e-01
   2.7861077e+03   4.0217313e+06   1.6043417e-01
   2.7922402e+03   4.2024879e+06   1.0409686e-01
   2.7983730e+03   4.2786119e+06   3.9950200e-02
   2.8045056e+03   4.2990624e+06  -1.6739410e-02
   2.8106382e+03   4.2488591e+06  -6.1101830e-02
   2.8167710e+03   4.2005716e+06  -1.1217306e-01
   2.8229036e+03   4.0623971e+06  -1.4046868e-01
   2.8290364e+03   3.8899271e+06  -1.4726318e-01
   2.8351689e+03   3.8172069e+06  -1.2923025e-01
   2.8413015e+03   3.7979534e+06  -1.2512412e-01
   2.8474343e+03   3.7685444e+06  -1.1663464e-01
   2.8535669e+03   3.7957592e+06  -9.2819688e-02
   2.8596997e+03   3.8797833e+06  -9.3224119e-02
   2.8658323e+03   3.9260470e+06  -9.8748195e-02
   2.8719648e+03   3.9344977e+06  -9.4778420e-02
   2.8780977e+03   4.0996313e+06  -8.2332900e-02
   2.8842302e+03   4.2348296e+06  -1.1502837e-01
   2.8903630e+03   4.3155666e+06  -1.2903151e-01
   2.8964956e+03   4.4186087e+06  -1.6629684e-01
   2.9026282e+03   4.4035940e+06  -2.0234929e-01
   2.9087610e+03   4.3854633e+06  -2.1720330e-01
   2.9148936e+03   4.4193596e+06  -2.2734150e-01
   2.9210264e+03   4.5321776e+06  -2.4373378e-01
   2.9271589e+03   4.5897986e+06  -2.8887196e-01
   2.9332915e+03   4.5317950e+06  -3.4446808e-01
   2.9394243e+03   4.4563981e+06  -3.7317386e-01
   2.9455569e+03   4.3803201e+06  -3.9580856e-01
   2.9516897e+03   4.3425714e+06  -4.0977637e-01
   2.9578223e+03   4.3043190e+06  -4.3662077e-01
   2.9639548e+03   4.2592167e+06  -4.5036820e-01
   2.9700876e+03   4.2031747e+06  -4.8036708e-01
   2.9762202e+03   4.1256816e+06  -4.9647265e-01
   2.9823530e+03   4.0706439e+06  -5.1356868e-01
   2.9884856e+03   3.9940332e+06  -5.2778088e-01
   2.9946182e+03   3.9623373e+06  -5.4666301e-01
   3.0007510e+03   3.8870778e+06  -5.6692145e-01
   3.0068835e+03   3.8055192e+06  -5.8420635e-01
   3.0130164e+03   3.7222072e+06  -6.0771008e-01
   3.0191489e+03   3.6234413e+06  -6.2234912e-01
   3.0252815e+03   3.5150377e+06  -6.3901059e-01
   3.0314143e+03   3.3753589e+06  -6.4466463e-01
   3.0375469e+03   3.2675206e+06  -6.4033532e-01
   3.0436797e+03   3.1778098e+06  -6.2990758e-01
   3.0498123e+03   3.1071508e+06  -6.1798550e-01
   3.0559448e+03   3.0826705e+06  -6.0603859e-01
   3.0620776e+03   3.0717991e+06  -6.1067613e-01
   3.0682102e+03   3.0073995e+06  -6.3309263e-01
   3.0743430e+03   2.9045842e+06  -6.2242698e-01
   3.0804756e+03   2.8419392e+06  -6.1625927e-01
   3.0866082e+03   2.7976247e+06  -6.0348689e-01
   3.0927410e+03   2.7504897e+06  -6.0189812e-01
   3.0988735e+03   2.7124807e+06  -6.0528329e-01
   3.1050063e+03   2.6537250e+06  -6.1510725e-01
   3.1111389e+03   2.5278434e+06  -6.1746772e-01
   3.1172715e+03   2.4258261e+06  -5.8732150e-01
   3.1234043e+03   2.3796596e+06  -5.4971344e-01
   3.1295369e+03   2.3515426e+06  -5.2996951e-01
   3.1356697e+03   2.3154213e+06  -5.1550335e-01
   3.1418022e+03   2.2673739e+06  -4.8598649e-01
   3.1479348e+03   2.2643090e+06  -4.6247081e-01
   3.1540676e+03   2.2330677e+06  -4.4386326e-01
   3.1602002e+03   2.2289422e+06  -4.2206489e-01
   3.1663330e+03   2.2083851e+06  -3.9931014e-01
   3.1724656e+03   2.1804141e+06  -3.9065472e-01
   3.1785981e+03   2.1591130e+06  -3.6499377e-01
   3.1847310e+03   2.1228977e+06  -3.3902597e-01
   3.1908635e+03   2.1025842e+06  -2.9709186e-01
   3.1969963e+03   2.1264828e+06  -2.7147034e-01
   3.2031289e+03   2.1242015e+06  -2.5624709e-01
   3.2092615e+03   2.0871827e+06  -2.2505230e-01
   3.2153943e+03   2.0919490e+06  -1.8295309e-01
   3.2215269e+03   2.0935967e+06  -1.4719791e-01
   3.2276597e+03   2.1084301e+06  -1.1141433e-01
   3.2337922e+03   2.1491063e+06  -5.4736362e-02
   3.2399248e+03   2.2103062e+06  -1.7028825e-02
   3.2460576e+03   2.2701604e+06   8.1001044e-03
   3.2521902e+03   2.3332593e+06   3.7329814e-02
   3.2583230e+03   2.4337245e+06   7.6855027e-02
   3.2644556e+03   2.5788463e+06   7.7027606e-02
   3.2705881e+03   2.6783824e+06   6.7103744e-02
   3.2767209e+03   2.7062730e+06   5.9593467e-02
   3.2828535e+03   2.7467139e+06   7.0940235e-02
   3.2889863e+03   2.8034087e+06   8.2174488e-02
   3.2951189e+03   2.8826638e+06   9.2293025e-02
   3.3012515e+03   2.9337556e+06   9.9919950e-02
   3.3073843e+03   3.0304151e+06   1.1296045e-01
   3.3135168e+03   3.1449663e+06   1.2704198e-01
   3.3196497e+03   3.2539303e+06   1.2148023e-01
   3.3257822e+03   3.3376107e+06   1.3112055e-01
   3.3319148e+03   3.4792100e+06   1.3106331e-01
   3.3380476e+03   3.6372844e+06   1.2713094e-01
   3.3441802e+03   3.8295377e+06   1.0446896e-01
   3.3503130e+03   3.9343308e+06   7.2297960e-02
   3.3564456e+03   4.0354569e+06   3.2541742e-02
   3.3625781e+03   4.0416524e+06   7.5816996e-03
   3.3687109e+03   4.0462294e+06   1.0113261e-02
   3.3748435e+03   4.2355223e+06  -1.0651902e-02
   3.3809763e+03   4.2650255e+06  -2.9279475e-02
   3.3871089e+03   4.3012703e+06  -3.9830362e-02
   3.3932415e+03   4.3122741e+06  -4.4360575e-02
   3.3993743e+03   4.4689799e+06  -5.5098166e-02
   3.4055068e+03   4.5931716e+06  -6.4012829e-02
   3.4116396e+03   4.7287813e+06  -7.6047967e-02
   3.4177722e+03   4.8998333e+06  -1.0182544e-01
   3.4239048e+03   5.0630141e+06  -1.4915067e-01
   3.4300376e+03   5.0972337e+06  -1.9424228e-01
   3.4361702e+03   5.1711612e+06  -2.3161632e-01
   3.4423030e+03   5.1788294e+06  -2.7789926e-01
   3.4484355e+03   5.1595663e+06  -3.0900598e-01
   3.4545681e+03   5.2475965e+06  -3.4379588e-01
   3.4607009e+03   5.2270452e+06  -4.0086708e-01
   3.4668335e+03   5.1108665e+06  -4.4562691e-01
   3.4729663e+03   5.0568316e+06  -4.9173513e-01
   3.4790989e+03   4.8544528e+06  -5.3749169e-01
   3.4852314e+03   4.6778158e+06  -5.6678522e-01
   3.4913643e+03   4.4741139e+06  -5.9528736e-01
   3.4974968e+03   4.2472242e+06  -5.9865821e-01
   3.5036296e+03   4.0695458e+06  -5.9560264e-01
   3.5097622e+03   3.9182868e+06  -5.8801839e-01
   3.5158948e+03   3.7720604e+06  -5.5768684e-01
   3.5220276e+03   3.7253369e+06  -5.2289748e-01
   3.5281602e+03   3.7396625e+06  -4.9457752e-01
   3.5342930e+03   3.8227201e+06  -4.8470428e-01
   3.5404255e+03   3.8691673e+06  -4.8480962e-01
   3.5465581e+03   3.8318129e+06  -5.0841924e-01
   3.5526909e+03   3.8044048e+06  -5.0366527e-01
   3.5588235e+03   3.7952860e+06  -5.0498846e-01
   3.5649563e+03   3.7468729e+06  -5.0580817e-01
   3.5710889e+03   3.7226775e+06  -4.9499430e-01
   3.5772214e+03   3.7259972e+06  -4.9216243e-01
   3.5833542e+03   3.7435996e+06  -4.8016551e-01
   3.5894868e+03   3.8253157e+06  -4.8512300e-01
   3.5956196e+03   3.8317483e+06  -5.1009410e-01
   3.6017522e+03   3.8147657e+06  -5.2297639e-01
   3.6078848e+03   3.7480892e+06  -5.2965420e-01
   3.6140176e+03   3.7158565e+06  -5.2880808e-01
   3.6201501e+03   3.6787014e+06  -5.3413849e-01
   3.6262830e+03   3.6524694e+06  -5.3786638e-01
   3.6324155e+03   3.5866048e+06  -5.4214178e-01
   3.6385481e+03   3.4915584e+06  -5.3230927e-01
   3.6446809e+03   3.4818902e+06  -5.0987241e-01
   3.6508135e+03   3.4678432e+06  -5.0165440e-01
   3.6569463e+03   3.4843168e+06  -4.8254810e-01
   3.6630789e+03   3.4896987e+06  -4.8193281e-01
   3.6692114e+03   3.5494697e+06  -4.6135389e-01
   3.6753442e+03   3.5787227e+06  -4.6123407e-01
   3.6814768e+03   3.5959807e+06  -4.7061571e-01
   3.6876096e+03   3.5467372e+06  -4.6072328e-01
   3.6937422e+03   3.6712674e+06  -4.5328928e-01
   3.6998748e+03   3.6987930e+06  -4.7643797e-01
   3.7060076e+03   3.6895925e+06  -4.9314423e-01
   3.7121401e+03   3.6122956e+06  -5.0148826e-01
   3.7182729e+03   3.5538918e+06  -4.9004225e-01
   3.7244055e+03   3.5494253e+06  -4.7968967e-01
   3.7305381e+03   3.5623539e+06  -4.8099808e-01
   3.7366709e+03   3.4968520e+06  -4.8314277e-01
   3.7428035e+03   3.4410459e+06  -4.4545882e-01
   3.7489363e+03   3.5665962e+06  -4.1061153e-01
   3.7550688e+03   3.7075980e+06  -4.2912761e-01
   3.7612014e+03   3.6651045e+06  -4.6377906e-01
   3.7673342e+03   3.6161412e+06  -4.5957486e-01
   3.7734668e+03   3.6015567e+06  -4.2653864e-01
   3.7795996e+03   3.6452530e+06  -4.1683093e-01
   3.7857322e+03   3.7405028e+06  -4.1796814e-01
   3.7918647e+03   3.7832452e+06  -4.1793137e-01
   3.7979976e+03   3.8011244e+06  -4.1880991e-01
   3.8041301e+03   3.8489463e+06  -4.1235025e-01
   3.8102629e+03   3.9250783e+06  -4.2173695e-01
   3.8163955e+03   3.9162520e+06  -4.2847021e-01
   3.8225281e+03   3.9527907e+06  -4.1958812e-01
   3.8286609e+03   4.0273588e+06  -4.1970108e-01
   3.8347935e+03   4.0842982e+06  -4.3322217e-01
   3.8409263e+03   4.0806372e+06  -4.3881665e-01
   3.8470588e+03   4.1250818e+06  -4.3617590e-01
   3.8531914e+03   4.1949515e+06  -4.4014337e-01
   3.8593242e+03   4.2524794e+06  -4.5065213e-01
   3.8654568e+03   4.3006092e+06  -4.5067246e-01
   3.8715896e+03   4.3929716e+06  -4.6227705e-01
   3.8777222e+03   4.4823867e+06  -4.7834843e-01
   3.8838547e+03   4.5466931e+06  -5.0173809e-01
   3.8899875e+03   4.5513577e+06  -5.3468870e-01
   3.8961201e+03   4.4776178e+06  -5.4668646e-01
   3.9022529e+03   4.4978642e+06  -5.4149520e-01
   3.9083855e+03   4.5529384e+06  -5.5261506e-01
   3.9145181e+03   4.6285290e+06  -5.7654567e-01
   3.9206509e+03   4.6572983e+06  -5.9641236e-01
   3.9267834e+03   4.6201240e+06  -6.2148078e-01
   3.9329163e+03   4.5993839e+06  -6.4207624e-01
   3.9390488e+03   4.5886387e+06  -6.4841574e-01
   3.9451814e+03   4.5788979e+06  -6.6379154e-01
   3.9513142e+03   4.5966606e+06  -6.7024756e-01
   3.9574468e+03   4.5938962e+06  -6.9353657e-01
   3.9635796e+03   4.5590687e+06  -7.0517597e-01
   3.9697122e+03   4.5615989e+06  -7.2808445e-01
   3.9758447e+03   4.5207470e+06  -7.4397800e-01
   3.9819775e+03   4.5045296e+06  -7.5011806e-01
   3.9881101e+03   4.5340345e+06  -7.7542311e-01
   3.9942429e+03   4.4916001e+06  -7.9624551e-01
   4.0003755e+03   4.3892337e+06  -8.1848310e-01
   4.0065081e+03   4.3005337e+06  -8.2220951e-01
   4.0126409e+03   4.2872200e+06  -8.2715075e-01
   4.0187734e+03   4.2436154e+06  -8.4535349e-01
   4.0249062e+03   4.1624373e+06  -8.5660891e-01
   4.0310388e+03   4.0986303e+06  -8.5967608e-01
   4.0371714e+03   4.0599642e+06  -8.6052536e-01
   4.0433042e+03   4.0642061e+06  -8.6689321e-01
   4.0494368e+03   4.0182424e+06  -8.8685342e-01
   4.0555696e+03   3.9618908e+06  -8.9858349e-01
   4.0617021e+03   3.8859653e+06  -9.0250711e-01
   4.0678347e+03   3.8386199e+06  -9.0772226e-01
   4.0739675e+03   3.7951980e+06  -9.1801629e-01
   4.0801001e+03   3.7217504e+06  -9.2033658e-01
   4.0862329e+03   3.6691971e+06  -9.2388984e-01
   4.0923655e+03   3.6401895e+06  -9.2381666e-01
   4.0984980e+03   3.5905578e+06  -9.3519578e-01
   4.1046309e+03   3.5099935e+06  -9.3504871e-01
   4.1107637e+03   3.4768294e+06  -9.2986228e-01
   4.1168960e+03   3.4588837e+06  -9.3199682e-01
   4.1230288e+03   3.4029733e+06  -9.4670012e-01
   4.1291616e+03   3.3189903e+06  -9.4685698e-01
   4.1352939e+03   3.2728690e+06  -9.4592885e-01
   4.1414268e+03   3.2185189e+06  -9.4121589e-01
   4.1475596e+03   3.1466099e+06  -9.3295164e-01
   4.1536919e+03   3.1234041e+06  -9.3077836e-01
   4.1598247e+03   3.0914297e+06  -9.2867858e-01
   4.1659575e+03   3.0309653e+06  -9.2059720e-01
   4.1720903e+03   3.0050788e+06  -9.1689200e-01
   4.1782227e+03   2.9706256e+06  -9.1137366e-01
   4.1843555e+03   2.9244203e+06  -9.1224360e-01
   4.1904883e+03   2.8472548e+06  -9.0440920e-01
   4.1966206e+03   2.7968385e+06  -8.8339403e-01
   4.2027534e+03   2.7885536e+06  -8.6282783e-01
   4.2088862e+03   2.7751820e+06  -8.5029710e-01
   4.2150186e+03   2.7747748e+06  -8.3482078e-01
   4.2211514e+03   2.7797777e+06  -8.2916081e-01
   4.2272842e+03   2.7303152e+06  -8.2575288e-01
   4.2334170e+03   2.7177135e+06  -8.0772385e-01
   4.2395493e+03   2.7290837e+06  -7.9314730e-01
   4.2456821e+03   2.7429441e+06  -7.8208400e-01
   4.2518149e+03   2.7393767e+06  -7.7990233e-01
   4.2579473e+03   2.7393531e+06  -7.7143521e-01
   4.2640801e+03   2.7401055e+06  -7.6632214e-01
   4.2702129e+03   2.7348375e+06  -7.6633296e-01
   4.2763452e+03   2.7135815e+06  -7.6413540e-01
   4.2824780e+03   2.6733163e+06  -7.4642515e-01
   4.2886108e+03   2.7112886e+06  -7.2831304e-01
   4.2947437e+03   2.7290768e+06  -7.3176880e-01
   4.3008760e+03   2.7078463e+06  -7.3291750e-01
   4.3070088e+03   2.6934866e+06  -7.1773387e-01
   4.3131416e+03   2.7168672e+06  -7.0902380e-01
   4.3192739e+03   2.7354601e+06  -7.0578434e-01
   4.3254067e+03   2.7323675e+06  -7.1068592e-01
   4.3315396e+03   2.7136436e+06  -7.0605208e-01
   4.3376719e+03   2.7210449e+06  -6.9725425e-01
   4.3438047e+03   2.7251659e+06  -6.9977370e-01
   4.3499375e+03   2.6902178e+06  -7.0357843e-01
   4.3560703e+03   2.6663633e+06  -6.8581406e-01
   4.3622026e+03   2.6699958e+06  -6.8111409e-01
   4.3683354e+03   2.6582424e+06  -6.6410898e-01
   4.3744683e+03   2.6634524e+06  -6.6485858e-01
   4.3806006e+03   2.6620074e+06  -6.5437687e-01
   4.3867334e+03   2.6393679e+06  -6.3317979e-01
   4.3928662e+03   2.7046467e+06  -6.0848790e-01
   4.3989985e+03   2.7437595e+06  -6.1049178e-01
   4.4051313e+03   2.7759363e+06  -6.1777301e-01
   4.4112642e+03   2.7937454e+06  -6.2431919e-01
   4.4173970e+03   2.7790458e+06  -6.2956202e-01
   4.4235293e+03   2.7822943e+06  -6.2854018e-01
   4.4296621e+03   2.7507451e+06  -6.1715170e-01
   4.4357949e+03   2.7804735e+06  -6.0280345e-01
   4.4419272e+03   2.8145281e+06  -5.9063749e-01
   4.4480601e+03   2.8496650e+06  -5.8990541e-01
   4.4541929e+03   2.8684606e+06  -6.0218960e-01
   4.4603252e+03   2.8792400e+06  -6.0439709e-01
   4.4664580e+03   2.9091384e+06  -6.0645824e-01
   4.4725908e+03   2.9109998e+06  -6.1901688e-01
   4.4787236e+03   2.8986585e+06  -6.1545133e-01
   4.4848560e+03   2.9052873e+06  -6.2510475e-01
   4.4909888e+03   2.8993436e+06  -6.2407495e-01
   4.4971216e+03   2.9012796e+06  -6.1823072e-01
   4.5032539e+03   2.9216557e+06  -6.1988198e-01
   4.5093867e+03   2.9238670e+06  -6.2384288e-01
   4.5155195e+03   2.9315520e+06  -6.3084420e-01
   4.5216519e+03   2.8875949e+06  -6.2628911e-01
   4.5277847e+03   2.8773954e+06  -6.2729065e-01
   4.5339175e+03   2.8985353e+06  -6.2074152e-01
   4.5400503e+03   2.8852946e+06  -6.2455695e-01
   4.5461826e+03   2.9055693e+06  -6.1574735e-01
   4.5523154e+03   2.9098400e+06  -6.1824028e-01
   4.5584482e+03   2.9106962e+06  -6.2938095e-01
   4.5645806e+03   2.9025275e+06  -6.2726138e-01
   4.5707134e+03   2.8776896e+06  -6.1837851e-01
   4.5768462e+03   2.8850873e+06  -6.0629431e-01
   4.5829785e+03   2.9333360e+06  -6.0361239e-01
   4.5891113e+03   2.9381833e+06  -6.0685844e-01
   4.5952441e+03   2.9726321e+06  -6.0529728e-01
   4.6013770e+03   2.9944878e+06  -6.1498819e-01
   4.6075093e+03   3.0083400e+06  -6.2327550e-01
   4.6136421e+03   2.9723216e+06  -6.2725312e-01
   4.6197749e+03   2.9911972e+06  -6.2215133e-01
   4.6259072e+03   3.0279847e+06  -6.2328185e-01
   4.6320400e+03   3.0319939e+06  -6.3361569e-01
   4.6381729e+03   3.0367828e+06  -6.4622165e-01
   4.6443052e+03   3.0103810e+06  -6.5019905e-01
   4.6504380e+03   3.0227303e+06  -6.4843224e-01
   4.6565708e+03   3.0209206e+06  -6.5211719e-01
   4.6627036e+03   3.0344362e+06  -6.5602360e-01
   4.6688359e+03   3.0511720e+06  -6.6659232e-01
   4.6749688e+03   3.0239255e+06  -6.7618647e-01
   4.6811016e+03   3.0081747e+06  -6.8312221e-01
   4.6872339e+03   3.0266531e+06  -6.8685214e-01
   4.6933667e+03   3.0106267e+06  -7.0332036e-01
   4.6994995e+03   2.9885559e+06  -7.0296453e-01
   4.7056318e+03   2.9844793e+06  -7.1626300e-01
   4.7117646e+03   2.9499435e+06  -7.2746771e-01
   4.7178975e+03   2.8962702e+06  -7.3140409e-01
   4.7240303e+03   2.8551021e+06  -7.2754208e-01
   4.7301626e+03   2.8311342e+06  -7.2290976e-01
   4.7362954e+03   2.8105868e+06  -7.1401816e-01
   4.7424282e+03   2.8316967e+06  -7.0525251e-01
   4.7485605e+03   2.8309623e+06  -7.0858647e-01
   4.7546934e+03   2.8457137e+06  -7.1312017e-01
   4.7608262e+03   2.8520952e+06  -7.1896679e-01
   4.7669585e+03   2.8124560e+06  -7.3009706e-01
   4.7730913e+03   2.7926376e+06  -7.3490391e-01
   4.7792241e+03   2.7773055e+06  -7.3039808e-01
   4.7853569e+03   2.7517661e+06  -7.3422534e-01
   4.7914893e+03   2.7553040e+06  -7.2790207e-01
   4.7976221e+03   2.7535876e+06  -7.3838691e-01
   4.8037549e+03   2.7190937e+06  -7.4862922e-01
   4.8098872e+03   2.6770985e+06  -7.4695193e-01
   4.8160200e+03   2.6442425e+06  -7.3761169e-01
   4.8221528e+03   2.6459005e+06  -7.3051489e-01
   4.8282852e+03   2.6468846e+06  -7.3113833e-01
   4.8344180e+03   2.6367693e+06  -7.3485636e-01
   4.8405508e+03   2.6350716e+06  -7.3426089e-01
   4.8466836e+03   2.6136114e+06  -7.4031812e-01
   4.8528159e+03   2.5958988e+06  -7.4408096e-01
   4.8589487e+03   2.5644149e+06  -7.4617742e-01
   4.8650815e+03   2.5347815e+06  -7.3933040e-01
   4.8712139e+03   2.5343377e+06  -7.3810182e-01
   4.8773467e+03   2.5103916e+06  -7.4055407e-01
   4.8834795e+03   2.4867106e+06  -7.4158209e-01
   4.8896118e+03   2.4440927e+06  -7.3894698e-01
   4.8957446e+03   2.4381578e+06  -7.2934644e-01
   4.9018774e+03   2.4056564e+06  -7.3213144e-01
   4.9080103e+03   2.3694982e+06  -7.2065436e-01
   4.9141426e+03   2.3522472e+06  -7.0569999e-01
   4.9202754e+03   2.3524395e+06  -6.9359337e-01
   4.9264082e+03   2.3496409e+06  -6.9162987e-01
   4.9325405e+03   2.3312323e+06  -6.8626569e-01
   4.9386733e+03   2.3119585e+06  -6.8065013e-01
   4.9448062e+03   2.2909249e+06  -6.6155018e-01
   4.9509385e+03   2.2941091e+06  -6.4848727e-01
   4.9570713e+03   2.3035177e+06  -6.3862441e-01
   4.9632041e+03   2.3010340e+06  -6.3153324e-01
   4.9693369e+03   2.3022327e+06  -6.2114318e-01
   4.9754692e+03   2.3075015e+06  -6.1037228e-01
   4.9816021e+03   2.3236282e+06  -6.0276925e-01
   4.9877349e+03   2.3296859e+06  -5.9930762e-01
   4.9938672e+03   2.3285166e+06  -5.9613813e-01
   5.0000000e+03   2.3318357e+06  -5.8292997e-01
