   1.0000000e+02   4.5188597e+07  -9.0000000e+01   3.8393789e+04   8.9999999e+01
   1.0057731e+02   4.4929218e+07  -9.0000000e+01   3.8615819e+04   8.9999999e+01
   1.0115795e+02   4.4671327e+07  -9.0000000e+01   3.8839137e+04   8.9999999e+01
   1.0174194e+02   4.4414917e+07  -9.0000000e+01   3.9063751e+04   8.9999999e+01
   1.0232930e+02   4.4159979e+07  -9.0000000e+01   3.9289669e+04   8.9999999e+01
   1.0292005e+02   4.3906504e+07  -9.0000000e+01   3.9516897e+04   8.9999999e+01
   1.0351422e+02   4.3654484e+07  -9.0000000e+01   3.9745445e+04   8.9999999e+01
   1.0411181e+02   4.3403910e+07  -9.0000000e+01   3.9975320e+04   8.9999999e+01
   1.0471285e+02   4.3154775e+07  -9.0000000e+01   4.0206528e+04   8.9999999e+01
   1.0531737e+02   4.2907070e+07  -9.0000000e+01   4.0439080e+04   8.9999999e+01
   1.0592537e+02   4.2660786e+07  -9.0000000e+01   4.0672981e+04   8.9999999e+01
   1.0653689e+02   4.2415917e+07  -9.0000000e+01   4.0908240e+04   8.9999999e+01
   1.0715193e+02   4.2172452e+07  -9.0000000e+01   4.1144865e+04   8.9999999e+01
   1.0777053e+02   4.1930386e+07  -9.0000000e+01   4.1382865e+04   8.9999999e+01
   1.0839269e+02   4.1689708e+07  -9.0000000e+01   4.1622246e+04   8.9999999e+01
   1.0901845e+02   4.1450413e+07  -9.0000000e+01   4.1863018e+04   8.9999999e+01
   1.0964782e+02   4.1212490e+07  -9.0000000e+01   4.2105188e+04   8.9999999e+01
   1.1028082e+02   4.0975934e+07  -9.0000000e+01   4.2348765e+04   8.9999999e+01
   1.1091748e+02   4.0740735e+07  -9.0000000e+01   4.2593757e+04   8.9999999e+01
   1.1155782e+02   4.0506886e+07  -9.0000000e+01   4.2840172e+04   8.9999999e+01
   1.1220185e+02   4.0274379e+07  -9.0000000e+01   4.3088019e+04   8.9999999e+01
   1.1284959e+02   4.0043207e+07  -9.0000000e+01   4.3337306e+04   8.9999999e+01
   1.1350108e+02   3.9813362e+07  -9.0000000e+01   4.3588041e+04   8.9999999e+01
   1.1415633e+02   3.9584837e+07  -9.0000000e+01   4.3840233e+04   8.9999999e+01
   1.1481536e+02   3.9357623e+07  -9.0000000e+01   4.4093891e+04   8.9999999e+01
   1.1547820e+02   3.9131713e+07  -9.0000000e+01   4.4349023e+04   8.9999999e+01
   1.1614486e+02   3.8907100e+07  -9.0000000e+01   4.4605638e+04   8.9999999e+01
   1.1681537e+02   3.8683776e+07  -9.0000000e+01   4.4863745e+04   8.9999999e+01
   1.1748976e+02   3.8461734e+07  -9.0000000e+01   4.5123352e+04   8.9999999e+01
   1.1816803e+02   3.8240966e+07  -9.0000000e+01   4.5384469e+04   8.9999999e+01
   1.1885022e+02   3.8021466e+07  -9.0000000e+01   4.5647103e+04   8.9999999e+01
   1.1953635e+02   3.7803226e+07  -9.0000000e+01   4.5911265e+04   8.9999999e+01
   1.2022644e+02   3.7586238e+07  -9.0000000e+01   4.6176963e+04   8.9999999e+01
   1.2092052e+02   3.7370496e+07  -9.0000000e+01   4.6444207e+04   8.9999999e+01
   1.2161860e+02   3.7155992e+07  -9.0000000e+01   4.6713004e+04   8.9999999e+01
   1.2232071e+02   3.6942719e+07  -9.0000000e+01   4.6983365e+04   8.9999999e+01
   1.2302688e+02   3.6730671e+07  -9.0000000e+01   4.7255299e+04   8.9999999e+01
   1.2373712e+02   3.6519839e+07  -9.0000000e+01   4.7528815e+04   8.9999999e+01
   1.2445146e+02   3.6310218e+07  -9.0000000e+01   4.7803922e+04   8.9999999e+01
   1.2516993e+02   3.6101800e+07  -9.0000000e+01   4.8080630e+04   8.9999999e+01
   1.2589254e+02   3.5894578e+07  -9.0000000e+01   4.8358949e+04   8.9999999e+01
   1.2661933e+02   3.5688546e+07  -9.0000000e+01   4.8638887e+04   8.9999999e+01
   1.2735031e+02   3.5483697e+07  -9.0000000e+01   4.8920454e+04   8.9999999e+01
   1.2808551e+02   3.5280023e+07  -9.0000000e+01   4.9203660e+04   8.9999999e+01
   1.2882496e+02   3.5077518e+07  -9.0000000e+01   4.9488515e+04   8.9999999e+01
   1.2956867e+02   3.4876176e+07  -9.0000000e+01   4.9775029e+04   8.9999999e+01
   1.3031668e+02   3.4675989e+07  -9.0000000e+01   5.0063211e+04   8.9999999e+01
   1.3106900e+02   3.4476951e+07  -9.0000000e+01   5.0353070e+04   8.9999999e+01
   1.3182567e+02   3.4279056e+07  -9.0000000e+01   5.0644618e+04   8.9999999e+01
   1.3258671e+02   3.4082297e+07  -9.0000000e+01   5.0937864e+04   8.9999999e+01
   1.3335214e+02   3.3886667e+07  -9.0000000e+01   5.1232818e+04   8.9999999e+01
   1.3412199e+02   3.3692160e+07  -9.0000000e+01   5.1529491e+04   8.9999999e+01
   1.3489629e+02   3.3498770e+07  -9.0000000e+01   5.1827892e+04   8.9999999e+01
   1.3567505e+02   3.3306489e+07  -9.0000000e+01   5.2128031e+04   8.9999999e+01
   1.3645831e+02   3.3115312e+07  -9.0000000e+01   5.2429920e+04   8.9999999e+01
   1.3724610e+02   3.2925233e+07  -9.0000000e+01   5.2733568e+04   8.9999999e+01
   1.3803843e+02   3.2736245e+07  -9.0000000e+01   5.3038986e+04   8.9999999e+01
   1.3883533e+02   3.2548341e+07  -9.0000000e+01   5.3346184e+04   8.9999999e+01
   1.3963684e+02   3.2361516e+07  -9.0000000e+01   5.3655173e+04   8.9999999e+01
   1.4044297e+02   3.2175763e+07  -9.0000000e+01   5.3965964e+04   8.9999999e+01
   1.4125375e+02   3.1991077e+07  -9.0000000e+01   5.4278567e+04   8.9999999e+01
   1.4206922e+02   3.1807450e+07  -9.0000000e+01   5.4592993e+04   8.9999999e+01
   1.4288940e+02   3.1624878e+07  -9.0000000e+01   5.4909253e+04   8.9999999e+01
   1.4371431e+02   3.1443353e+07  -9.0000000e+01   5.5227358e+04   8.9999999e+01
   1.4454398e+02   3.1262871e+07  -9.0000000e+01   5.5547319e+04   8.9999999e+01
   1.4537844e+02   3.1083424e+07  -9.0000000e+01   5.5869147e+04   8.9999999e+01
   1.4621772e+02   3.0905008e+07  -9.0000000e+01   5.6192852e+04   8.9999999e+01
   1.4706184e+02   3.0727615e+07  -9.0000000e+01   5.6518447e+04   8.9999999e+01
   1.4791084e+02   3.0551241e+07  -9.0000000e+01   5.6845942e+04   8.9999999e+01
   1.4876474e+02   3.0375879e+07  -9.0000000e+01   5.7175349e+04   8.9999999e+01
   1.4962357e+02   3.0201524e+07  -9.0000000e+01   5.7506680e+04   8.9999999e+01
   1.5048735e+02   3.0028169e+07  -9.0000000e+01   5.7839945e+04   8.9999999e+01
   1.5135612e+02   2.9855810e+07  -9.0000000e+01   5.8175156e+04   8.9999999e+01
   1.5222991e+02   2.9684440e+07  -9.0000000e+01   5.8512325e+04   8.9999999e+01
   1.5310875e+02   2.9514053e+07  -9.0000000e+01   5.8851464e+04   8.9999999e+01
   1.5399265e+02   2.9344645e+07  -9.0000000e+01   5.9192583e+04   8.9999999e+01
   1.5488166e+02   2.9176209e+07  -9.0000000e+01   5.9535697e+04   8.9999999e+01
   1.5577580e+02   2.9008739e+07  -9.0000000e+01   5.9880815e+04   8.9999999e+01
   1.5667511e+02   2.8842231e+07  -9.0000000e+01   6.0227950e+04   8.9999999e+01
   1.5757960e+02   2.8676679e+07  -9.0000000e+01   6.0577115e+04   8.9999999e+01
   1.5848932e+02   2.8512077e+07  -9.0000000e+01   6.0928320e+04   8.9999999e+01
   1.5940429e+02   2.8348420e+07  -9.0000000e+01   6.1281580e+04   8.9999999e+01
   1.6032454e+02   2.8185702e+07  -9.0000000e+01   6.1636905e+04   8.9999999e+01
   1.6125010e+02   2.8023918e+07  -9.0000000e+01   6.1994309e+04   8.9999999e+01
   1.6218101e+02   2.7863063e+07  -9.0000000e+01   6.2353803e+04   8.9999999e+01
   1.6311729e+02   2.7703131e+07  -9.0000000e+01   6.2715401e+04   8.9999999e+01
   1.6405898e+02   2.7544117e+07  -9.0000000e+01   6.3079114e+04   8.9999999e+01
   1.6500610e+02   2.7386016e+07  -9.0000000e+01   6.3444956e+04   8.9999999e+01
   1.6595869e+02   2.7228822e+07  -9.0000000e+01   6.3812940e+04   8.9999999e+01
   1.6691678e+02   2.7072531e+07  -9.0000000e+01   6.4183078e+04   8.9999999e+01
   1.6788040e+02   2.6917137e+07  -9.0000000e+01   6.4555383e+04   8.9999999e+01
   1.6884959e+02   2.6762634e+07  -9.0000000e+01   6.4929868e+04   8.9999999e+01
   1.6982437e+02   2.6609019e+07  -9.0000000e+01   6.5306547e+04   8.9999999e+01
   1.7080477e+02   2.6456285e+07  -9.0000000e+01   6.5685433e+04   8.9999999e+01
   1.7179084e+02   2.6304428e+07  -9.0000000e+01   6.6066538e+04   8.9999999e+01
   1.7278260e+02   2.6153442e+07  -9.0000000e+01   6.6449877e+04   8.9999999e+01
   1.7378008e+02   2.6003323e+07  -9.0000000e+01   6.6835463e+04   8.9999999e+01
   1.7478333e+02   2.5854066e+07  -9.0000000e+01   6.7223309e+04   8.9999999e+01
   1.7579236e+02   2.5705666e+07  -9.0000000e+01   6.7613429e+04   8.9999999e+01
   1.7680722e+02   2.5558117e+07  -9.0000000e+01   6.8005837e+04   8.9999999e+01
   1.7782794e+02   2.5411416e+07  -9.0000000e+01   6.8400546e+04   8.9999999e+01
   1.7885455e+02   2.5265556e+07  -9.0000000e+01   6.8797571e+04   8.9999999e+01
   1.7988709e+02   2.5120533e+07  -9.0000000e+01   6.9196926e+04   8.9999999e+01
   1.8092559e+02   2.4976343e+07  -9.0000000e+01   6.9598624e+04   8.9999999e+01
   1.8197009e+02   2.4832981e+07  -9.0000000e+01   7.0002680e+04   8.9999999e+01
   1.8302061e+02   2.4690442e+07  -9.0000000e+01   7.0409108e+04   8.9999999e+01
   1.8407720e+02   2.4548720e+07  -9.0000000e+01   7.0817923e+04   8.9999999e+01
   1.8513989e+02   2.4407812e+07  -9.0000000e+01   7.1229139e+04   8.9999999e+01
   1.8620871e+02   2.4267713e+07  -9.0000000e+01   7.1642770e+04   8.9999999e+01
   1.8728371e+02   2.4128419e+07  -9.0000000e+01   7.2058831e+04   8.9999999e+01
   1.8836491e+02   2.3989923e+07  -9.0000000e+01   7.2477338e+04   8.9999999e+01
   1.8945235e+02   2.3852223e+07  -9.0000000e+01   7.2898304e+04   8.9999999e+01
   1.9054607e+02   2.3715313e+07  -9.0000000e+01   7.3321746e+04   8.9999999e+01
   1.9164611e+02   2.3579189e+07  -9.0000000e+01   7.3747677e+04   8.9999999e+01
   1.9275249e+02   2.3443846e+07  -9.0000000e+01   7.4176114e+04   8.9999999e+01
   1.9386526e+02   2.3309280e+07  -9.0000000e+01   7.4607070e+04   8.9999999e+01
   1.9498446e+02   2.3175486e+07  -9.0000000e+01   7.5040563e+04   8.9999999e+01
   1.9611012e+02   2.3042461e+07  -9.0000000e+01   7.5476607e+04   8.9999999e+01
   1.9724227e+02   2.2910199e+07  -9.0000000e+01   7.5915217e+04   8.9999999e+01
   1.9838097e+02   2.2778696e+07  -9.0000000e+01   7.6356410e+04   8.9999999e+01
   1.9952623e+02   2.2647948e+07  -9.0000000e+01   7.6800202e+04   8.9999999e+01
   2.0067811e+02   2.2517950e+07  -9.0000000e+01   7.7246607e+04   8.9999999e+01
   2.0183664e+02   2.2388699e+07  -9.0000000e+01   7.7695643e+04   8.9999999e+01
   2.0300185e+02   2.2260190e+07  -9.0000000e+01   7.8147325e+04   8.9999999e+01
   2.0417379e+02   2.2132418e+07  -9.0000000e+01   7.8601670e+04   8.9999999e+01
   2.0535250e+02   2.2005379e+07  -9.0000000e+01   7.9058693e+04   8.9999999e+01
   2.0653802e+02   2.1879070e+07  -9.0000000e+01   7.9518412e+04   8.9999999e+01
   2.0773037e+02   2.1753486e+07  -9.0000000e+01   7.9980843e+04   8.9999999e+01
   2.0892961e+02   2.1628622e+07  -9.0000000e+01   8.0446003e+04   8.9999999e+01
   2.1013578e+02   2.1504476e+07  -9.0000000e+01   8.0913907e+04   8.9999999e+01
   2.1134890e+02   2.1381042e+07  -9.0000000e+01   8.1384574e+04   8.9999999e+01
   2.1256903e+02   2.1258316e+07  -9.0000000e+01   8.1858020e+04   8.9999999e+01
   2.1379621e+02   2.1136295e+07  -9.0000000e+01   8.2334263e+04   8.9999999e+01
   2.1503047e+02   2.1014974e+07  -9.0000000e+01   8.2813319e+04   8.9999999e+01
   2.1627185e+02   2.0894350e+07  -9.0000000e+01   8.3295207e+04   8.9999999e+01
   2.1752040e+02   2.0774418e+07  -9.0000000e+01   8.3779943e+04   8.9999999e+01
   2.1877616e+02   2.0655174e+07  -9.0000000e+01   8.4267545e+04   8.9999999e+01
   2.2003917e+02   2.0536615e+07  -9.0000000e+01   8.4758031e+04   8.9999999e+01
   2.2130947e+02   2.0418736e+07  -9.0000000e+01   8.5251418e+04   8.9999999e+01
   2.2258710e+02   2.0301534e+07  -9.0000000e+01   8.5747726e+04   8.9999999e+01
   2.2387211e+02   2.0185005e+07  -9.0000000e+01   8.6246971e+04   8.9999999e+01
   2.2516454e+02   2.0069144e+07  -9.0000000e+01   8.6749172e+04   8.9999999e+01
   2.2646443e+02   1.9953949e+07  -9.0000000e+01   8.7254348e+04   8.9999999e+01
   2.2777182e+02   1.9839415e+07  -9.0000000e+01   8.7762516e+04   8.9999999e+01
   2.2908677e+02   1.9725538e+07  -9.0000000e+01   8.8273697e+04   8.9999999e+01
   2.3040930e+02   1.9612315e+07  -9.0000000e+01   8.8787907e+04   8.9999999e+01
   2.3173946e+02   1.9499742e+07  -9.0000000e+01   8.9305167e+04   8.9999999e+01
   2.3307731e+02   1.9387815e+07  -9.0000000e+01   8.9825495e+04   8.9999999e+01
   2.3442288e+02   1.9276530e+07  -9.0000000e+01   9.0348910e+04   8.9999999e+01
   2.3577622e+02   1.9165884e+07  -9.0000000e+01   9.0875432e+04   8.9999999e+01
   2.3713737e+02   1.9055873e+07  -9.0000000e+01   9.1405080e+04   8.9999999e+01
   2.3850638e+02   1.8946494e+07  -9.0000000e+01   9.1937874e+04   8.9999999e+01
   2.3988329e+02   1.8837743e+07  -9.0000000e+01   9.2473833e+04   8.9999999e+01
   2.4126815e+02   1.8729615e+07  -9.0000000e+01   9.3012978e+04   8.9999999e+01
   2.4266101e+02   1.8622109e+07  -9.0000000e+01   9.3555327e+04   8.9999999e+01
   2.4406191e+02   1.8515219e+07  -9.0000000e+01   9.4100902e+04   8.9999999e+01
   2.4547089e+02   1.8408943e+07  -9.0000000e+01   9.4649723e+04   8.9999999e+01
   2.4688801e+02   1.8303277e+07  -9.0000000e+01   9.5201810e+04   8.9999999e+01
   2.4831331e+02   1.8198218e+07  -9.0000000e+01   9.5757183e+04   8.9999999e+01
   2.4974684e+02   1.8093761e+07  -9.0000000e+01   9.6315864e+04   8.9999999e+01
   2.5118864e+02   1.7989904e+07  -9.0000000e+01   9.6877873e+04   8.9999999e+01
   2.5263877e+02   1.7886644e+07  -9.0000000e+01   9.7443231e+04   8.9999999e+01
   2.5409727e+02   1.7783976e+07  -9.0000000e+01   9.8011960e+04   8.9999999e+01
   2.5556419e+02   1.7681897e+07  -9.0000000e+01   9.8584081e+04   8.9999999e+01
   2.5703958e+02   1.7580404e+07  -9.0000000e+01   9.9159615e+04   8.9999999e+01
   2.5852348e+02   1.7479494e+07  -9.0000000e+01   9.9738583e+04   8.9999999e+01
   2.6001596e+02   1.7379163e+07  -9.0000000e+01   1.0032101e+05   8.9999999e+01
   2.6151704e+02   1.7279408e+07  -9.0000000e+01   1.0090691e+05   8.9999999e+01
   2.6302680e+02   1.7180225e+07  -9.0000000e+01   1.0149632e+05   8.9999999e+01
   2.6454527e+02   1.7081612e+07  -9.0000000e+01   1.0208925e+05   8.9999999e+01
   2.6607251e+02   1.6983565e+07  -9.0000000e+01   1.0268572e+05   8.9999999e+01
   2.6760856e+02   1.6886081e+07  -9.0000000e+01   1.0328576e+05   8.9999999e+01
   2.6915348e+02   1.6789156e+07  -9.0000000e+01   1.0388940e+05   8.9999999e+01
   2.7070732e+02   1.6692787e+07  -9.0000000e+01   1.0449664e+05   8.9999999e+01
   2.7227013e+02   1.6596972e+07  -9.0000000e+01   1.0510753e+05   8.9999999e+01
   2.7384196e+02   1.6501706e+07  -9.0000000e+01   1.0572207e+05   8.9999999e+01
   2.7542287e+02   1.6406988e+07  -9.0000000e+01   1.0634030e+05   8.9999999e+01
   2.7701290e+02   1.6312813e+07  -9.0000000e+01   1.0696224e+05   8.9999999e+01
   2.7861212e+02   1.6219179e+07  -9.0000000e+01   1.0758791e+05   8.9999999e+01
   2.8022056e+02   1.6126082e+07  -9.0000000e+01   1.0821733e+05   8.9999999e+01
   2.8183829e+02   1.6033519e+07  -9.0000000e+01   1.0885054e+05   8.9999999e+01
   2.8346536e+02   1.5941488e+07  -9.0000000e+01   1.0948754e+05   8.9999999e+01
   2.8510183e+02   1.5849985e+07  -9.0000000e+01   1.1012838e+05   8.9999999e+01
   2.8674774e+02   1.5759007e+07  -9.0000000e+01   1.1077307e+05   8.9999999e+01
   2.8840315e+02   1.5668552e+07  -9.0000000e+01   1.1142164e+05   8.9999999e+01
   2.9006812e+02   1.5578615e+07  -9.0000000e+01   1.1207411e+05   8.9999999e+01
   2.9174270e+02   1.5489195e+07  -9.0000000e+01   1.1273052e+05   8.9999999e+01
   2.9342695e+02   1.5400289e+07  -9.0000000e+01   1.1339087e+05   8.9999999e+01
   2.9512092e+02   1.5311892e+07  -9.0000000e+01   1.1405521e+05   8.9999999e+01
   2.9682467e+02   1.5224003e+07  -9.0000000e+01   1.1472355e+05   8.9999999e+01
   2.9853826e+02   1.5136618e+07  -9.0000000e+01   1.1539593e+05   8.9999999e+01
   3.0026174e+02   1.5049735e+07  -9.0000000e+01   1.1607236e+05   8.9999999e+01
   3.0199517e+02   1.4963351e+07  -9.0000000e+01   1.1675288e+05   9.0000000e+01
   3.0373861e+02   1.4877462e+07  -9.0000000e+01   1.1743751e+05   9.0000000e+01
   3.0549211e+02   1.4792067e+07  -9.0000000e+01   1.1812629e+05   9.0000000e+01
   3.0725574e+02   1.4707161e+07  -9.0000000e+01   1.1881922e+05   9.0000000e+01
   3.0902954e+02   1.4622743e+07  -9.0000000e+01   1.1951636e+05   9.0000000e+01
   3.1081359e+02   1.4538810e+07  -9.0000000e+01   1.2021771e+05   9.0000000e+01
   3.1260794e+02   1.4455358e+07  -9.0000000e+01   1.2092331e+05   9.0000000e+01
   3.1441264e+02   1.4372386e+07  -9.0000000e+01   1.2163319e+05   9.0000000e+01
   3.1622777e+02   1.4289889e+07  -9.0000000e+01   1.2234738e+05   9.0000000e+01
   3.1805337e+02   1.4207866e+07  -9.0000000e+01   1.2306590e+05   9.0000000e+01
   3.1988951e+02   1.4126314e+07  -9.0000000e+01   1.2378878e+05   9.0000000e+01
   3.2173625e+02   1.4045230e+07  -9.0000000e+01   1.2451605e+05   9.0000000e+01
   3.2359366e+02   1.3964611e+07  -9.0000000e+01   1.2524775e+05   9.0000000e+01
   3.2546178e+02   1.3884456e+07  -9.0000000e+01   1.2598390e+05   9.0000000e+01
   3.2734069e+02   1.3804760e+07  -9.0000000e+01   1.2672453e+05   9.0000000e+01
   3.2923045e+02   1.3725522e+07  -9.0000000e+01   1.2746966e+05   9.0000000e+01
   3.3113112e+02   1.3646738e+07  -9.0000000e+01   1.2821934e+05   9.0000000e+01
   3.3304276e+02   1.3568407e+07  -9.0000000e+01   1.2897359e+05   9.0000000e+01
   3.3496544e+02   1.3490525e+07  -9.0000000e+01   1.2973245e+05   9.0000000e+01
   3.3689922e+02   1.3413091e+07  -9.0000000e+01   1.3049593e+05   9.0000000e+01
   3.3884416e+02   1.3336100e+07  -9.0000000e+01   1.3126408e+05   9.0000000e+01
   3.4080032e+02   1.3259552e+07  -9.0000000e+01   1.3203692e+05   9.0000000e+01
   3.4276779e+02   1.3183443e+07  -9.0000000e+01   1.3281450e+05   9.0000000e+01
   3.4474661e+02   1.3107771e+07  -9.0000000e+01   1.3359683e+05   9.0000000e+01
   3.4673685e+02   1.3032534e+07  -9.0000000e+01   1.3438395e+05   9.0000000e+01
   3.4873858e+02   1.2957728e+07  -9.0000000e+01   1.3517590e+05   9.0000000e+01
   3.5075187e+02   1.2883352e+07  -9.0000000e+01   1.3597270e+05   9.0000000e+01
   3.5277679e+02   1.2809402e+07  -9.0000000e+01   1.3677440e+05   9.0000000e+01
   3.5481339e+02   1.2735877e+07  -9.0000000e+01   1.3758101e+05   9.0000000e+01
   3.5686175e+02   1.2662774e+07  -9.0000000e+01   1.3839259e+05   9.0000000e+01
   3.5892193e+02   1.2590091e+07  -9.0000000e+01   1.3920916e+05   9.0000000e+01
   3.6099401e+02   1.2517824e+07  -9.0000000e+01   1.4003075e+05   9.0000000e+01
   3.6307805e+02   1.2445973e+07  -9.0000000e+01   1.4085740e+05   9.0000000e+01
   3.6517413e+02   1.2374534e+07  -9.0000000e+01   1.4168915e+05   9.0000000e+01
   3.6728230e+02   1.2303505e+07  -9.0000000e+01   1.4252602e+05   9.0000000e+01
   3.6940264e+02   1.2232884e+07  -9.0000000e+01   1.4336807e+05   9.0000000e+01
   3.7153523e+02   1.2162668e+07  -9.0000000e+01   1.4421531e+05   9.0000000e+01
   3.7368013e+02   1.2092855e+07  -9.0000000e+01   1.4506779e+05   9.0000000e+01
   3.7583740e+02   1.2023443e+07  -9.0000000e+01   1.4592555e+05   9.0000000e+01
   3.7800714e+02   1.1954430e+07  -9.0000000e+01   1.4678862e+05   9.0000000e+01
   3.8018940e+02   1.1885812e+07  -9.0000000e+01   1.4765703e+05   9.0000000e+01
   3.8238425e+02   1.1817588e+07  -9.0000000e+01   1.4853083e+05   9.0000000e+01
   3.8459178e+02   1.1749756e+07  -9.0000000e+01   1.4941005e+05   9.0000000e+01
   3.8681205e+02   1.1682314e+07  -9.0000000e+01   1.5029474e+05   9.0000000e+01
   3.8904514e+02   1.1615258e+07  -9.0000000e+01   1.5118492e+05   9.0000000e+01
   3.9129113e+02   1.1548587e+07  -9.0000000e+01   1.5208064e+05   9.0000000e+01
   3.9355008e+02   1.1482299e+07  -9.0000000e+01   1.5298194e+05   9.0000000e+01
   3.9582206e+02   1.1416392e+07  -9.0000000e+01   1.5388886e+05   9.0000000e+01
   3.9810717e+02   1.1350862e+07  -9.0000000e+01   1.5480143e+05   9.0000000e+01
   4.0040547e+02   1.1285709e+07  -9.0000000e+01   1.5571970e+05   9.0000000e+01
   4.0271703e+02   1.1220930e+07  -9.0000000e+01   1.5664370e+05   9.0000000e+01
   4.0504195e+02   1.1156523e+07  -9.0000000e+01   1.5757349e+05   9.0000000e+01
   4.0738028e+02   1.1092485e+07  -9.0000000e+01   1.5850910e+05   9.0000000e+01
   4.0973211e+02   1.1028815e+07  -9.0000000e+01   1.5945056e+05   9.0000000e+01
   4.1209752e+02   1.0965511e+07  -9.0000000e+01   1.6039793e+05   9.0000000e+01
   4.1447658e+02   1.0902569e+07  -9.0000000e+01   1.6135125e+05   9.0000000e+01
   4.1686938e+02   1.0839989e+07  -9.0000000e+01   1.6231056e+05   9.0000000e+01
   4.1927600e+02   1.0777769e+07  -9.0000000e+01   1.6327589e+05   9.0000000e+01
   4.2169650e+02   1.0715905e+07  -9.0000000e+01   1.6424731e+05   9.0000000e+01
   4.2413098e+02   1.0654397e+07  -9.0000000e+01   1.6522484e+05   9.0000000e+01
   4.2657952e+02   1.0593241e+07  -9.0000000e+01   1.6620854e+05   9.0000000e+01
   4.2904219e+02   1.0532437e+07  -9.0000000e+01   1.6719845e+05   9.0000000e+01
   4.3151908e+02   1.0471981e+07  -9.0000000e+01   1.6819462e+05   9.0000000e+01
   4.3401026e+02   1.0411873e+07  -9.0000000e+01   1.6919708e+05   9.0000000e+01
   4.3651583e+02   1.0352110e+07  -9.0000000e+01   1.7020590e+05   9.0000000e+01
   4.3903587e+02   1.0292689e+07  -9.0000000e+01   1.7122110e+05   9.0000000e+01
   4.4157045e+02   1.0233610e+07  -9.0000000e+01   1.7224275e+05   9.0000000e+01
   4.4411966e+02   1.0174870e+07  -9.0000000e+01   1.7327089e+05   9.0000000e+01
   4.4668359e+02   1.0116467e+07  -9.0000000e+01   1.7430556e+05   9.0000000e+01
   4.4926232e+02   1.0058399e+07  -9.0000000e+01   1.7534683e+05   9.0000000e+01
   4.5185594e+02   1.0000664e+07  -9.0000000e+01   1.7639472e+05   9.0000000e+01
   4.5446454e+02   9.9432614e+06  -9.0000000e+01   1.7744930e+05   9.0000000e+01
   4.5708819e+02   9.8861878e+06  -9.0000000e+01   1.7851062e+05   9.0000000e+01
   4.5972699e+02   9.8294418e+06  -9.0000000e+01   1.7957872e+05   9.0000000e+01
   4.6238102e+02   9.7730216e+06  -9.0000000e+01   1.8065365e+05   9.0000000e+01
   4.6505038e+02   9.7169252e+06  -9.0000000e+01   1.8173548e+05   9.0000000e+01
   4.6773514e+02   9.6611507e+06  -9.0000000e+01   1.8282424e+05   9.0000000e+01
   4.7043541e+02   9.6056964e+06  -9.0000000e+01   1.8392000e+05   9.0000000e+01
   4.7315126e+02   9.5505604e+06  -9.0000000e+01   1.8502280e+05   9.0000000e+01
   4.7588279e+02   9.4957409e+06  -9.0000000e+01   1.8613271e+05   9.0000000e+01
   4.7863009e+02   9.4412361e+06  -9.0000000e+01   1.8724976e+05   9.0000000e+01
   4.8139325e+02   9.3870441e+06  -9.0000000e+01   1.8837403e+05   9.0000000e+01
   4.8417237e+02   9.3331631e+06  -9.0000000e+01   1.8950556e+05   9.0000000e+01
   4.8696753e+02   9.2795915e+06  -9.0000000e+01   1.9064441e+05   9.0000000e+01
   4.8977882e+02   9.2263273e+06  -9.0000000e+01   1.9179064e+05   9.0000000e+01
   4.9260634e+02   9.1733689e+06  -9.0000000e+01   1.9294430e+05   9.0000000e+01
   4.9545019e+02   9.1207144e+06  -9.0000000e+01   1.9410546e+05   9.0000000e+01
   4.9831046e+02   9.0683622e+06  -9.0000000e+01   1.9527416e+05   9.0000000e+01
   5.0118723e+02   9.0163105e+06  -9.0000000e+01   1.9645048e+05   9.0000000e+01
   5.0408062e+02   8.9645575e+06  -9.0000000e+01   1.9763446e+05   9.0000000e+01
   5.0699071e+02   8.9131016e+06  -9.0000000e+01   1.9882617e+05   9.0000000e+01
   5.0991760e+02   8.8619411e+06  -9.0000000e+01   2.0002568e+05   9.0000000e+01
   5.1286138e+02   8.8110742e+06  -9.0000000e+01   2.0123303e+05   9.0000000e+01
   5.1582217e+02   8.7604993e+06  -9.0000000e+01   2.0244830e+05   9.0000000e+01
   5.1880004e+02   8.7102146e+06  -9.0000000e+01   2.0367155e+05   9.0000000e+01
   5.2179510e+02   8.6602187e+06  -9.0000000e+01   2.0490284e+05   9.0000000e+01
   5.2480746e+02   8.6105096e+06  -9.0000000e+01   2.0614223e+05   9.0000000e+01
   5.2783721e+02   8.5610860e+06  -9.0000000e+01   2.0738980e+05   9.0000000e+01
   5.3088444e+02   8.5119460e+06  -9.0000000e+01   2.0864560e+05   9.0000000e+01
   5.3394927e+02   8.4630880e+06  -9.0000000e+01   2.0990970e+05   9.0000000e+01
   5.3703180e+02   8.4145105e+06  -9.0000000e+01   2.1118218e+05   9.0000000e+01
   5.4013211e+02   8.3662118e+06  -9.0000000e+01   2.1246309e+05   9.0000000e+01
   5.4325033e+02   8.3181904e+06  -9.0000000e+01   2.1375251e+05   9.0000000e+01
   5.4638655e+02   8.2704446e+06  -9.0000000e+01   2.1505051e+05   9.0000000e+01
   5.4954087e+02   8.2229729e+06  -9.0000000e+01   2.1635715e+05   9.0000000e+01
   5.5271341e+02   8.1757736e+06  -9.0000000e+01   2.1767251e+05   9.0000000e+01
   5.5590426e+02   8.1288453e+06  -9.0000000e+01   2.1899666e+05   9.0000000e+01
   5.5911353e+02   8.0821863e+06  -9.0000000e+01   2.2032968e+05   9.0000000e+01
   5.6234133e+02   8.0357952e+06  -9.0000000e+01   2.2167163e+05   9.0000000e+01
   5.6558776e+02   7.9896703e+06  -9.0000000e+01   2.2302260e+05   9.0000000e+01
   5.6885293e+02   7.9438102e+06  -9.0000000e+01   2.2438265e+05   9.0000000e+01
   5.7213695e+02   7.8982133e+06  -9.0000000e+01   2.2575186e+05   9.0000000e+01
   5.7543994e+02   7.8528781e+06  -9.0000000e+01   2.2713031e+05   9.0000000e+01
   5.7876199e+02   7.8078032e+06  -9.0000000e+01   2.2851808e+05   9.0000000e+01
   5.8210322e+02   7.7629870e+06  -9.0000000e+01   2.2991525e+05   9.0000000e+01
   5.8546374e+02   7.7184280e+06  -9.0000000e+01   2.3132190e+05   9.0000000e+01
   5.8884366e+02   7.6741248e+06  -9.0000000e+01   2.3273810e+05   9.0000000e+01
   5.9224309e+02   7.6300759e+06  -9.0000000e+01   2.3416395e+05   9.0000000e+01
   5.9566214e+02   7.5862798e+06  -9.0000000e+01   2.3559952e+05   9.0000000e+01
   5.9910094e+02   7.5427351e+06  -9.0000000e+01   2.3704489e+05   9.0000000e+01
   6.0255959e+02   7.4994404e+06  -9.0000000e+01   2.3850016e+05   9.0000000e+01
   6.0603820e+02   7.4563942e+06  -9.0000000e+01   2.3996540e+05   9.0000000e+01
   6.0953690e+02   7.4135950e+06  -9.0000000e+01   2.4144071e+05   9.0000000e+01
   6.1305579e+02   7.3710415e+06  -9.0000000e+01   2.4292618e+05   9.0000000e+01
   6.1659500e+02   7.3287323e+06  -9.0000000e+01   2.4442188e+05   9.0000000e+01
   6.2015464e+02   7.2866659e+06  -9.0000000e+01   2.4592792e+05   9.0000000e+01
   6.2373484e+02   7.2448410e+06  -9.0000000e+01   2.4744438e+05   9.0000000e+01
   6.2733570e+02   7.2032561e+06  -9.0000000e+01   2.4897136e+05   9.0000000e+01
   6.3095734e+02   7.1619100e+06  -9.0000000e+01   2.5050895e+05   9.0000000e+01
   6.3459990e+02   7.1208011e+06  -9.0000000e+01   2.5205724e+05   9.0000000e+01
   6.3826349e+02   7.0799283e+06  -9.0000000e+01   2.5361633e+05   9.0000000e+01
   6.4194822e+02   7.0392900e+06  -9.0000000e+01   2.5518633e+05   9.0000000e+01
   6.4565423e+02   6.9988850e+06  -9.0000000e+01   2.5676732e+05   9.0000000e+01
   6.4938163e+02   6.9587119e+06  -9.0000000e+01   2.5835941e+05   9.0000000e+01
   6.5313055e+02   6.9187694e+06  -9.0000000e+01   2.5996269e+05   9.0000000e+01
   6.5690112e+02   6.8790562e+06  -9.0000000e+01   2.6157728e+05   9.0000000e+01
   6.6069345e+02   6.8395709e+06  -9.0000000e+01   2.6320328e+05   9.0000000e+01
   6.6450767e+02   6.8003123e+06  -9.0000000e+01   2.6484078e+05   9.0000000e+01
   6.6834392e+02   6.7612790e+06  -9.0000000e+01   2.6648990e+05   9.0000000e+01
   6.7220231e+02   6.7224698e+06  -9.0000000e+01   2.6815075e+05   9.0000000e+01
   6.7608298e+02   6.6838833e+06  -9.0000000e+01   2.6982343e+05   9.0000000e+01
   6.7998605e+02   6.6455183e+06  -9.0000000e+01   2.7150805e+05   9.0000000e+01
   6.8391165e+02   6.6073735e+06  -9.0000000e+01   2.7320473e+05   9.0000000e+01
   6.8785991e+02   6.5694477e+06  -9.0000000e+01   2.7491359e+05   9.0000000e+01
   6.9183097e+02   6.5317395e+06  -9.0000000e+01   2.7663473e+05   9.0000000e+01
   6.9582495e+02   6.4942478e+06  -9.0000000e+01   2.7836828e+05   9.0000000e+01
   6.9984200e+02   6.4569713e+06  -9.0000000e+01   2.8011435e+05   9.0000000e+01
   7.0388223e+02   6.4199088e+06  -9.0000000e+01   2.8187306e+05   9.0000000e+01
   7.0794578e+02   6.3830590e+06  -9.0000000e+01   2.8364454e+05   9.0000000e+01
   7.1203280e+02   6.3464207e+06  -9.0000000e+01   2.8542890e+05   9.0000000e+01
   7.1614341e+02   6.3099927e+06  -9.0000000e+01   2.8722629e+05   9.0000000e+01
   7.2027775e+02   6.2737738e+06  -9.0000000e+01   2.8903681e+05   9.0000000e+01
   7.2443596e+02   6.2377628e+06  -9.0000000e+01   2.9086060e+05   9.0000000e+01
   7.2861817e+02   6.2019585e+06  -9.0000000e+01   2.9269780e+05   9.0000000e+01
   7.3282453e+02   6.1663597e+06  -9.0000000e+01   2.9454853e+05   9.0000000e+01
   7.3705518e+02   6.1309653e+06  -9.0000000e+01   2.9641293e+05   9.0000000e+01
   7.4131024e+02   6.0957740e+06  -9.0000000e+01   2.9829113e+05   9.0000000e+01
   7.4558987e+02   6.0607847e+06  -9.0000000e+01   3.0018328e+05   9.0000000e+01
   7.4989421e+02   6.0259963e+06  -9.0000000e+01   3.0208951e+05   9.0000000e+01
   7.5422340e+02   5.9914075e+06  -9.0000000e+01   3.0400996e+05   9.0000000e+01
   7.5857758e+02   5.9570172e+06  -9.0000000e+01   3.0594479e+05   9.0000000e+01
   7.6295689e+02   5.9228244e+06  -9.0000000e+01   3.0789413e+05   9.0000000e+01
   7.6736149e+02   5.8888278e+06  -9.0000000e+01   3.0985815e+05   9.0000000e+01
   7.7179152e+02   5.8550264e+06  -9.0000000e+01   3.1183698e+05   9.0000000e+01
   7.7624712e+02   5.8214190e+06  -9.0000000e+01   3.1383077e+05   9.0000000e+01
   7.8072844e+02   5.7880045e+06  -9.0000000e+01   3.1583970e+05   9.0000000e+01
   7.8523563e+02   5.7547817e+06  -9.0000000e+01   3.1786391e+05   9.0000000e+01
   7.8976885e+02   5.7217497e+06  -9.0000000e+01   3.1990357e+05   9.0000000e+01
   7.9432823e+02   5.6889073e+06  -9.0000000e+01   3.2195883e+05   9.0000000e+01
   7.9891394e+02   5.6562534e+06  -9.0000000e+01   3.2402986e+05   9.0000000e+01
   8.0352612e+02   5.6237869e+06  -9.0000000e+01   3.2611684e+05   9.0000000e+01
   8.0816493e+02   5.5915068e+06  -9.0000000e+01   3.2821992e+05   9.0000000e+01
   8.1283052e+02   5.5594120e+06  -9.0000000e+01   3.3033929e+05   9.0000000e+01
   8.1752304e+02   5.5275014e+06  -9.0000000e+01   3.3247512e+05   9.0000000e+01
   8.2224265e+02   5.4957739e+06  -9.0000000e+01   3.3462759e+05   9.0000000e+01
   8.2698951e+02   5.4642286e+06  -9.0000000e+01   3.3679687e+05   9.0000000e+01
   8.3176377e+02   5.4328643e+06  -9.0000000e+01   3.3898316e+05   9.0000000e+01
   8.3656560e+02   5.4016801e+06  -9.0000000e+01   3.4118664e+05   9.0000000e+01
   8.4139514e+02   5.3706748e+06  -9.0000000e+01   3.4340750e+05   9.0000000e+01
   8.4625257e+02   5.3398475e+06  -9.0000000e+01   3.4564593e+05   9.0000000e+01
   8.5113804e+02   5.3091972e+06  -9.0000000e+01   3.4790213e+05   9.0000000e+01
   8.5605171e+02   5.2787228e+06  -9.0000000e+01   3.5017630e+05   9.0000000e+01
   8.6099375e+02   5.2484233e+06  -9.0000000e+01   3.5246864e+05   9.0000000e+01
   8.6596432e+02   5.2182978e+06  -9.0000000e+01   3.5477935e+05   9.0000000e+01
   8.7096359e+02   5.1883451e+06  -9.0000000e+01   3.5710865e+05   9.0000000e+01
   8.7599172e+02   5.1585644e+06  -9.0000000e+01   3.5945675e+05   9.0000000e+01
   8.8104887e+02   5.1289546e+06  -9.0000000e+01   3.6182386e+05   9.0000000e+01
   8.8613522e+02   5.0995148e+06  -9.0000000e+01   3.6421021e+05   9.0000000e+01
   8.9125094e+02   5.0702440e+06  -9.0000000e+01   3.6661601e+05   9.0000000e+01
   8.9639619e+02   5.0411411e+06  -9.0000000e+01   3.6904150e+05   9.0000000e+01
   9.0157114e+02   5.0122054e+06  -9.0000000e+01   3.7148691e+05   9.0000000e+01
   9.0677596e+02   4.9834357e+06  -9.0000000e+01   3.7395246e+05   9.0000000e+01
   9.1201084e+02   4.9548311e+06  -9.0000000e+01   3.7643840e+05   9.0000000e+01
   9.1727594e+02   4.9263908e+06  -9.0000000e+01   3.7894498e+05   9.0000000e+01
   9.2257143e+02   4.8981136e+06  -9.0000000e+01   3.8147243e+05   9.0000000e+01
   9.2789749e+02   4.8699988e+06  -9.0000000e+01   3.8402102e+05   9.0000000e+01
   9.3325430e+02   4.8420454e+06  -9.0000000e+01   3.8659099e+05   9.0000000e+01
   9.3864204e+02   4.8142524e+06  -9.0000000e+01   3.8918260e+05   9.0000000e+01
   9.4406088e+02   4.7866190e+06  -9.0000000e+01   3.9179613e+05   9.0000000e+01
   9.4951100e+02   4.7591441e+06  -9.0000000e+01   3.9443184e+05   9.0000000e+01
   9.5499259e+02   4.7318270e+06  -9.0000000e+01   3.9709000e+05   9.0000000e+01
   9.6050582e+02   4.7046667e+06  -9.0000000e+01   3.9977090e+05   9.0000000e+01
   9.6605088e+02   4.6776622e+06  -9.0000000e+01   4.0247482e+05   9.0000000e+01
   9.7162795e+02   4.6508128e+06  -9.0000000e+01   4.0520204e+05   9.0000000e+01
   9.7723722e+02   4.6241175e+06  -9.0000000e+01   4.0795286e+05   9.0000000e+01
   9.8287887e+02   4.5975754e+06  -9.0000000e+01   4.1072759e+05   9.0000000e+01
   9.8855309e+02   4.5711856e+06  -9.0000000e+01   4.1352652e+05   9.0000000e+01
   9.9426007e+02   4.5449474e+06  -9.0000000e+01   4.1634997e+05   9.0000000e+01
   1.0000000e+03   4.5188597e+06  -9.0000000e+01   4.1919825e+05   9.0000000e+01
   1.0057731e+03   4.4929218e+06  -9.0000000e+01   4.2207169e+05   9.0000000e+01
   1.0115795e+03   4.4671327e+06  -9.0000000e+01   4.2497062e+05   9.0000000e+01
   1.0174194e+03   4.4414917e+06  -9.0000000e+01   4.2789537e+05   9.0000000e+01
   1.0232930e+03   4.4159979e+06  -9.0000000e+01   4.3084627e+05   9.0000000e+01
   1.0292005e+03   4.3906504e+06  -9.0000000e+01   4.3382369e+05   9.0000000e+01
   1.0351422e+03   4.3654484e+06  -9.0000000e+01   4.3682796e+05   9.0000000e+01
   1.0411181e+03   4.3403910e+06  -9.0000000e+01   4.3985946e+05   9.0000000e+01
   1.0471285e+03   4.3154775e+06  -9.0000000e+01   4.4291855e+05   9.0000000e+01
   1.0531737e+03   4.2907070e+06  -9.0000000e+01   4.4600560e+05   9.0000000e+01
   1.0592537e+03   4.2660786e+06  -9.0000000e+01   4.4912101e+05   9.0000000e+01
   1.0653689e+03   4.2415917e+06  -9.0000000e+01   4.5226515e+05   9.0000000e+01
   1.0715193e+03   4.2172452e+06  -9.0000000e+01   4.5543842e+05   9.0000000e+01
   1.0777053e+03   4.1930386e+06  -9.0000000e+01   4.5864123e+05   9.0000000e+01
   1.0839269e+03   4.1689708e+06  -9.0000000e+01   4.6187400e+05   9.0000000e+01
   1.0901845e+03   4.1450413e+06  -9.0000000e+01   4.6513713e+05   9.0000000e+01
   1.0964782e+03   4.1212490e+06  -9.0000000e+01   4.6843108e+05   9.0000000e+01
   1.1028082e+03   4.0975934e+06  -9.0000000e+01   4.7175626e+05   9.0000000e+01
   1.1091748e+03   4.0740735e+06  -9.0000000e+01   4.7511313e+05   9.0000000e+01
   1.1155782e+03   4.0506886e+06  -9.0000000e+01   4.7850215e+05   9.0000000e+01
   1.1220185e+03   4.0274379e+06  -9.0000000e+01   4.8192378e+05   9.0000000e+01
   1.1284959e+03   4.0043207e+06  -9.0000000e+01   4.8537850e+05   9.0000000e+01
   1.1350108e+03   3.9813362e+06  -9.0000000e+01   4.8886678e+05   9.0000000e+01
   1.1415633e+03   3.9584837e+06  -9.0000000e+01   4.9238914e+05   9.0000000e+01
   1.1481536e+03   3.9357623e+06  -9.0000000e+01   4.9594607e+05   9.0000000e+01
   1.1547820e+03   3.9131713e+06  -9.0000000e+01   4.9953809e+05   9.0000000e+01
   1.1614486e+03   3.8907100e+06  -9.0000000e+01   5.0316572e+05   9.0000000e+01
   1.1681537e+03   3.8683776e+06  -9.0000000e+01   5.0682951e+05   9.0000000e+01
   1.1748976e+03   3.8461734e+06  -9.0000000e+01   5.1053001e+05   9.0000000e+01
   1.1816803e+03   3.8240966e+06  -9.0000000e+01   5.1426777e+05   9.0000000e+01
   1.1885022e+03   3.8021466e+06  -9.0000000e+01   5.1804338e+05   9.0000000e+01
   1.1953635e+03   3.7803226e+06  -9.0000000e+01   5.2185741e+05   9.0000000e+01
   1.2022644e+03   3.7586238e+06  -9.0000000e+01   5.2571047e+05   9.0000000e+01
   1.2092052e+03   3.7370496e+06  -9.0000000e+01   5.2960317e+05   9.0000000e+01
   1.2161860e+03   3.7155992e+06  -9.0000000e+01   5.3353614e+05   9.0000000e+01
   1.2232071e+03   3.6942719e+06  -9.0000000e+01   5.3751002e+05   9.0000000e+01
   1.2302688e+03   3.6730671e+06  -9.0000000e+01   5.4152545e+05   9.0000000e+01
   1.2373712e+03   3.6519839e+06  -9.0000000e+01   5.4558312e+05   9.0000000e+01
   1.2445146e+03   3.6310218e+06  -9.0000000e+01   5.4968370e+05   9.0000000e+01
   1.2516993e+03   3.6101800e+06  -9.0000000e+01   5.5382790e+05   9.0000000e+01
   1.2589254e+03   3.5894578e+06  -9.0000000e+01   5.5801643e+05   9.0000000e+01
   1.2661933e+03   3.5688546e+06  -9.0000000e+01   5.6225002e+05   9.0000000e+01
   1.2735031e+03   3.5483697e+06  -9.0000000e+01   5.6652943e+05   9.0000000e+01
   1.2808551e+03   3.5280023e+06  -9.0000000e+01   5.7085541e+05   9.0000000e+01
   1.2882496e+03   3.5077518e+06  -9.0000000e+01   5.7522877e+05   9.0000000e+01
   1.2956867e+03   3.4876176e+06  -9.0000000e+01   5.7965029e+05   9.0000000e+01
   1.3031668e+03   3.4675989e+06  -9.0000000e+01   5.8412081e+05   9.0000000e+01
   1.3106900e+03   3.4476951e+06  -9.0000000e+01   5.8864116e+05   9.0000000e+01
   1.3182567e+03   3.4279056e+06  -9.0000000e+01   5.9321221e+05   9.0000000e+01
   1.3258671e+03   3.4082297e+06  -9.0000000e+01   5.9783485e+05   9.0000000e+01
   1.3335214e+03   3.3886667e+06  -9.0000000e+01   6.0250997e+05   9.0000000e+01
   1.3412199e+03   3.3692160e+06  -9.0000000e+01   6.0723851e+05   9.0000000e+01
   1.3489629e+03   3.3498770e+06  -9.0000000e+01   6.1202141e+05   9.0000000e+01
   1.3567505e+03   3.3306489e+06  -9.0000000e+01   6.1685965e+05   9.0000000e+01
   1.3645831e+03   3.3115312e+06  -9.0000000e+01   6.2175423e+05   9.0000000e+01
   1.3724610e+03   3.2925233e+06  -9.0000000e+01   6.2670618e+05   9.0000000e+01
   1.3803843e+03   3.2736245e+06  -9.0000000e+01   6.3171653e+05   9.0000000e+01
   1.3883533e+03   3.2548341e+06  -9.0000000e+01   6.3678637e+05   9.0000000e+01
   1.3963684e+03   3.2361516e+06  -9.0000000e+01   6.4191681e+05   9.0000000e+01
   1.4044297e+03   3.2175763e+06  -9.0000000e+01   6.4710896e+05   9.0000000e+01
   1.4125375e+03   3.1991077e+06  -9.0000000e+01   6.5236401e+05   9.0000000e+01
   1.4206922e+03   3.1807450e+06  -9.0000000e+01   6.5768313e+05   9.0000000e+01
   1.4288940e+03   3.1624878e+06  -9.0000000e+01   6.6306754e+05   9.0000000e+01
   1.4371431e+03   3.1443353e+06  -9.0000000e+01   6.6851852e+05   9.0000000e+01
   1.4454398e+03   3.1262871e+06  -9.0000000e+01   6.7403734e+05   9.0000000e+01
   1.4537844e+03   3.1083424e+06  -9.0000000e+01   6.7962533e+05   9.0000000e+01
   1.4621772e+03   3.0905008e+06  -9.0000000e+01   6.8528385e+05   9.0000000e+01
   1.4706184e+03   3.0727615e+06  -9.0000000e+01   6.9101429e+05   9.0000000e+01
   1.4791084e+03   3.0551241e+06  -9.0000000e+01   6.9681810e+05   9.0000000e+01
   1.4876474e+03   3.0375879e+06  -9.0000000e+01   7.0269674e+05   9.0000000e+01
   1.4962357e+03   3.0201524e+06  -9.0000000e+01   7.0865173e+05   9.0000000e+01
   1.5048735e+03   3.0028169e+06  -9.0000000e+01   7.1468463e+05   9.0000000e+01
   1.5135612e+03   2.9855810e+06  -9.0000000e+01   7.2079704e+05   9.0000000e+01
   1.5222991e+03   2.9684440e+06  -9.0000000e+01   7.2699061e+05   9.0000000e+01
   1.5310875e+03   2.9514053e+06  -9.0000000e+01   7.3326703e+05   9.0000000e+01
   1.5399265e+03   2.9344645e+06  -9.0000000e+01   7.3962805e+05   9.0000000e+01
   1.5488166e+03   2.9176209e+06  -9.0000000e+01   7.4607545e+05   9.0000000e+01
   1.5577580e+03   2.9008739e+06  -9.0000000e+01   7.5261109e+05   9.0000000e+01
   1.5667511e+03   2.8842231e+06  -9.0000000e+01   7.5923687e+05   9.0000000e+01
   1.5757960e+03   2.8676679e+06  -9.0000000e+01   7.6595474e+05   9.0000000e+01
   1.5848932e+03   2.8512077e+06  -9.0000000e+01   7.7276671e+05   9.0000000e+01
   1.5940429e+03   2.8348420e+06  -9.0000000e+01   7.7967487e+05   9.0000000e+01
   1.6032454e+03   2.8185702e+06  -9.0000000e+01   7.8668135e+05   9.0000000e+01
   1.6125010e+03   2.8023918e+06  -9.0000000e+01   7.9378836e+05   9.0000000e+01
   1.6218101e+03   2.7863063e+06  -9.0000000e+01   8.0099816e+05   9.0000000e+01
   1.6311729e+03   2.7703131e+06  -9.0000000e+01   8.0831311e+05   9.0000000e+01
   1.6405898e+03   2.7544117e+06  -9.0000000e+01   8.1573561e+05   9.0000000e+01
   1.6500610e+03   2.7386016e+06  -9.0000000e+01   8.2326816e+05   9.0000000e+01
   1.6595869e+03   2.7228822e+06  -9.0000000e+01   8.3091332e+05   9.0000000e+01
   1.6691678e+03   2.7072531e+06  -9.0000000e+01   8.3867376e+05   9.0000000e+01
   1.6788040e+03   2.6917137e+06  -9.0000000e+01   8.4655220e+05   9.0000000e+01
   1.6884959e+03   2.6762634e+06  -9.0000000e+01   8.5455149e+05   9.0000000e+01
   1.6982437e+03   2.6609019e+06  -9.0000000e+01   8.6267453e+05   9.0000000e+01
   1.7080477e+03   2.6456285e+06  -9.0000000e+01   8.7092434e+05   9.0000000e+01
   1.7179084e+03   2.6304428e+06  -9.0000000e+01   8.7930405e+05   9.0000000e+01
   1.7278260e+03   2.6153442e+06  -9.0000000e+01   8.8781687e+05   9.0000000e+01
   1.7378008e+03   2.6003323e+06  -9.0000000e+01   8.9646613e+05   9.0000000e+01
   1.7478333e+03   2.5854066e+06  -9.0000000e+01   9.0525529e+05   9.0000000e+01
   1.7579236e+03   2.5705666e+06  -9.0000000e+01   9.1418790e+05   9.0000000e+01
   1.7680722e+03   2.5558117e+06  -9.0000000e+01   9.2326765e+05   9.0000000e+01
   1.7782794e+03   2.5411416e+06  -9.0000000e+01   9.3249837e+05   9.0000000e+01
   1.7885455e+03   2.5265556e+06  -9.0000000e+01   9.4188399e+05   9.0000000e+01
   1.7988709e+03   2.5120533e+06  -9.0000000e+01   9.5142862e+05   9.0000000e+01
   1.8092559e+03   2.4976343e+06  -9.0000000e+01   9.6113650e+05   9.0000000e+01
   1.8197009e+03   2.4832981e+06  -9.0000000e+01   9.7101203e+05   9.0000000e+01
   1.8302061e+03   2.4690442e+06  -9.0000000e+01   9.8105975e+05   9.0000000e+01
   1.8407720e+03   2.4548720e+06  -9.0000000e+01   9.9128439e+05   9.0000000e+01
   1.8513989e+03   2.4407812e+06  -9.0000000e+01   1.0016909e+06   9.0000000e+01
   1.8620871e+03   2.4267713e+06  -9.0000000e+01   1.0122842e+06   9.0000000e+01
   1.8728371e+03   2.4128419e+06  -9.0000000e+01   1.0230698e+06   9.0000000e+01
   1.8836491e+03   2.3989923e+06  -9.0000000e+01   1.0340531e+06   9.0000000e+01
   1.8945235e+03   2.3852223e+06  -9.0000000e+01   1.0452397e+06   9.0000000e+01
   1.9054607e+03   2.3715313e+06  -9.0000000e+01   1.0566356e+06   9.0000000e+01
   1.9164611e+03   2.3579189e+06  -9.0000000e+01   1.0682469e+06   9.0000000e+01
   1.9275249e+03   2.3443846e+06  -9.0000000e+01   1.0800801e+06   9.0000000e+01
   1.9386526e+03   2.3309280e+06  -9.0000000e+01   1.0921418e+06   9.0000000e+01
   1.9498446e+03   2.3175486e+06  -9.0000000e+01   1.1044389e+06   9.0000000e+01
   1.9611012e+03   2.3042461e+06  -9.0000000e+01   1.1169787e+06   9.0000000e+01
   1.9724227e+03   2.2910199e+06  -9.0000000e+01   1.1297686e+06   9.0000000e+01
   1.9838097e+03   2.2778696e+06  -9.0000000e+01   1.1428165e+06   9.0000000e+01
   1.9952623e+03   2.2647948e+06  -9.0000000e+01   1.1561306e+06   9.0000000e+01
   2.0067811e+03   2.2517950e+06  -9.0000000e+01   1.1697193e+06   9.0000000e+01
   2.0183664e+03   2.2388699e+06  -9.0000000e+01   1.1835915e+06   9.0000000e+01
   2.0300185e+03   2.2260190e+06  -9.0000000e+01   1.1977566e+06   9.0000000e+01
   2.0417379e+03   2.2132418e+06  -9.0000000e+01   1.2122242e+06   9.0000000e+01
   2.0535250e+03   2.2005379e+06  -9.0000000e+01   1.2270043e+06   9.0000000e+01
   2.0653802e+03   2.1879070e+06  -9.0000000e+01   1.2421077e+06   9.0000000e+01
   2.0773037e+03   2.1753486e+06  -9.0000000e+01   1.2575454e+06   9.0000000e+01
   2.0892961e+03   2.1628622e+06  -9.0000000e+01   1.2733289e+06   9.0000000e+01
   2.1013578e+03   2.1504476e+06  -9.0000000e+01   1.2894704e+06   9.0000000e+01
   2.1134890e+03   2.1381042e+06  -9.0000000e+01   1.3059825e+06   9.0000000e+01
   2.1256903e+03   2.1258316e+06  -9.0000000e+01   1.3228786e+06   9.0000000e+01
   2.1379621e+03   2.1136295e+06  -9.0000000e+01   1.3401726e+06   9.0000000e+01
   2.1503047e+03   2.1014974e+06  -9.0000000e+01   1.3578792e+06   9.0000000e+01
   2.1627185e+03   2.0894350e+06  -9.0000000e+01   1.3760137e+06   9.0000000e+01
   2.1752040e+03   2.0774418e+06  -9.0000000e+01   1.3945923e+06   9.0000000e+01
   2.1877616e+03   2.0655174e+06  -9.0000000e+01   1.4136320e+06   9.0000000e+01
   2.2003917e+03   2.0536615e+06  -9.0000000e+01   1.4331506e+06   9.0000000e+01
   2.2130947e+03   2.0418736e+06  -9.0000000e+01   1.4531669e+06   9.0000000e+01
   2.2258710e+03   2.0301534e+06  -9.0000000e+01   1.4737007e+06   9.0000000e+01
   2.2387211e+03   2.0185005e+06  -9.0000000e+01   1.4947730e+06   9.0000000e+01
   2.2516454e+03   2.0069144e+06  -9.0000000e+01   1.5164056e+06   9.0000000e+01
   2.2646443e+03   1.9953949e+06  -9.0000000e+01   1.5386218e+06   9.0000000e+01
   2.2777182e+03   1.9839415e+06  -9.0000000e+01   1.5614461e+06   9.0000000e+01
   2.2908677e+03   1.9725538e+06  -9.0000000e+01   1.5849045e+06   9.0000000e+01
   2.3040930e+03   1.9612315e+06  -9.0000000e+01   1.6090244e+06   9.0000000e+01
   2.3173946e+03   1.9499742e+06  -9.0000000e+01   1.6338347e+06   9.0000000e+01
   2.3307731e+03   1.9387815e+06  -9.0000000e+01   1.6593664e+06   9.0000000e+01
   2.3442288e+03   1.9276530e+06  -9.0000000e+01   1.6856519e+06   9.0000000e+01
   2.3577622e+03   1.9165884e+06  -9.0000000e+01   1.7127259e+06   9.0000000e+01
   2.3713737e+03   1.9055873e+06  -9.0000000e+01   1.7406252e+06   9.0000000e+01
   2.3850638e+03   1.8946494e+06  -9.0000000e+01   1.7693888e+06   9.0000000e+01
   2.3988329e+03   1.8837743e+06  -9.0000000e+01   1.7990585e+06   9.0000000e+01
   2.4126815e+03   1.8729615e+06  -9.0000000e+01   1.8296784e+06   9.0000000e+01
   2.4266101e+03   1.8622109e+06  -9.0000000e+01   1.8612960e+06   9.0000000e+01
   2.4406191e+03   1.8515219e+06  -9.0000000e+01   1.8939616e+06   9.0000000e+01
   2.4547089e+03   1.8408943e+06  -9.0000000e+01   1.9277293e+06   9.0000000e+01
   2.4688801e+03   1.8303277e+06  -9.0000000e+01   1.9626567e+06   9.0000000e+01
   2.4831331e+03   1.8198218e+06  -9.0000000e+01   1.9988057e+06   9.0000000e+01
   2.4974684e+03   1.8093761e+06  -9.0000000e+01   2.0362425e+06   9.0000000e+01
   2.5118864e+03   1.7989904e+06  -9.0000000e+01   2.0750383e+06   9.0000000e+01
   2.5263877e+03   1.7886644e+06  -9.0000000e+01   2.1152698e+06   9.0000000e+01
   2.5409727e+03   1.7783976e+06  -9.0000000e+01   2.1570192e+06   9.0000000e+01
   2.5556419e+03   1.7681897e+06  -9.0000000e+01   2.2003755e+06   9.0000000e+01
   2.5703958e+03   1.7580404e+06  -9.0000000e+01   2.2454346e+06   9.0000000e+01
   2.5852348e+03   1.7479494e+06  -9.0000000e+01   2.2923000e+06   9.0000000e+01
   2.6001596e+03   1.7379163e+06  -9.0000000e+01   2.3410843e+06   9.0000000e+01
   2.6151704e+03   1.7279408e+06  -9.0000000e+01   2.3919092e+06   9.0000000e+01
   2.6302680e+03   1.7180225e+06  -9.0000000e+01   2.4449070e+06   9.0000000e+01
   2.6454527e+03   1.7081612e+06  -9.0000000e+01   2.5002219e+06   9.0000000e+01
   2.6607251e+03   1.6983565e+06  -9.0000000e+01   2.5580109e+06   9.0000000e+01
   2.6760856e+03   1.6886081e+06  -9.0000000e+01   2.6184457e+06   9.0000000e+01
   2.6915348e+03   1.6789156e+06  -9.0000000e+01   2.6817143e+06   9.0000000e+01
   2.7070732e+03   1.6692787e+06  -9.0000000e+01   2.7480227e+06   9.0000000e+01
   2.7227013e+03   1.6596972e+06  -9.0000000e+01   2.8175977e+06   9.0000000e+01
   2.7384196e+03   1.6501706e+06  -9.0000000e+01   2.8906888e+06   9.0000000e+01
   2.7542287e+03   1.6406988e+06  -9.0000000e+01   2.9675722e+06   9.0000000e+01
   2.7701290e+03   1.6312813e+06  -9.0000000e+01   3.0485532e+06   9.0000000e+01
   2.7861212e+03   1.6219179e+06  -9.0000000e+01   3.1339711e+06   9.0000000e+01
   2.8022056e+03   1.6126082e+06  -9.0000000e+01   3.2242038e+06   9.0000000e+01
   2.8183829e+03   1.6033519e+06  -9.0000000e+01   3.3196733e+06   9.0000000e+01
   2.8346536e+03   1.5941488e+06  -9.0000000e+01   3.4208521e+06   9.0000000e+01
   2.8510183e+03   1.5849985e+06  -9.0000000e+01   3.5282718e+06   9.0000000e+01
   2.8674774e+03   1.5759007e+06  -9.0000000e+01   3.6425319e+06   9.0000000e+01
   2.8840315e+03   1.5668552e+06  -9.0000000e+01   3.7643112e+06   9.0000000e+01
   2.9006812e+03   1.5578615e+06  -9.0000000e+01   3.8943814e+06   9.0000000e+01
   2.9174270e+03   1.5489195e+06  -9.0000000e+01   4.0336236e+06   9.0000000e+01
   2.9342695e+03   1.5400289e+06  -9.0000000e+01   4.1830484e+06   9.0000000e+01
   2.9512092e+03   1.5311892e+06  -9.0000000e+01   4.3438205e+06   9.0000000e+01
   2.9682467e+03   1.5224003e+06  -9.0000000e+01   4.5172891e+06   9.0000000e+01
   2.9853826e+03   1.5136618e+06  -9.0000000e+01   4.7050265e+06   9.0000000e+01
   3.0026174e+03   1.5049735e+06  -9.0000000e+01   4.9088754e+06   9.0000000e+01
   3.0199517e+03   1.4963351e+06  -9.0000000e+01   5.1310103e+06   9.0000000e+01
   3.0373861e+03   1.4877462e+06  -9.0000000e+01   5.3740156e+06   9.0000000e+01
   3.0549211e+03   1.4792067e+06  -9.0000000e+01   5.6409864e+06   9.0000000e+01
   3.0725574e+03   1.4707161e+06  -9.0000000e+01   5.9356621e+06   9.0000000e+01
   3.0902954e+03   1.4622743e+06  -9.0000000e+01   6.2626024e+06   9.0000000e+01
   3.1081359e+03   1.4538810e+06  -9.0000000e+01   6.6274260e+06   9.0000000e+01
   3.1260794e+03   1.4455358e+06  -9.0000000e+01   7.0371363e+06   9.0000000e+01
   3.1441264e+03   1.4372386e+06  -9.0000000e+01   7.5005766e+06   9.0000000e+01
   3.1622777e+03   1.4289889e+06  -9.0000000e+01   8.0290765e+06   9.0000000e+01
   3.1805337e+03   1.4207866e+06  -9.0000000e+01   8.6373915e+06   9.0000000e+01
   3.1988951e+03   1.4126314e+06  -9.0000000e+01   9.3451043e+06   9.0000000e+01
   3.2173625e+03   1.4045230e+06  -9.0000000e+01   1.0178775e+07   9.0000000e+01
   3.2359366e+03   1.3964611e+06  -9.0000000e+01   1.1175349e+07   9.0000000e+01
   3.2546178e+03   1.3884456e+06  -9.0000000e+01   1.2387792e+07   9.0000000e+01
   3.2734069e+03   1.3804760e+06  -9.0000000e+01   1.3894817e+07   8.9999999e+01
   3.2923045e+03   1.3725522e+06  -9.0000000e+01   1.5818701e+07   8.9999999e+01
   3.3113112e+03   1.3646738e+06  -9.0000000e+01   1.8360266e+07   8.9999999e+01
   3.3304276e+03   1.3568407e+06  -9.0000000e+01   2.1874001e+07   8.9999999e+01
   3.3496544e+03   1.3490525e+06  -9.0000000e+01   2.7049822e+07   8.9999999e+01
   3.3689922e+03   1.3413091e+06  -9.0000000e+01   3.5432731e+07   8.9999999e+01
   3.3884416e+03   1.3336100e+06  -9.0000000e+01   5.1342346e+07   8.9999998e+01
   3.4080032e+03   1.3259552e+06  -9.0000000e+01   9.3176215e+07   8.9999997e+01
   3.4276779e+03   1.3183443e+06  -9.0000000e+01   5.0302797e+08   8.9999983e+01
   3.4474661e+03   1.3107771e+06  -9.0000000e+01   1.4800859e+08  -8.9999995e+01
   3.4673685e+03   1.3032534e+06  -9.0000000e+01   6.4512323e+07  -8.9999998e+01
   3.4873858e+03   1.2957728e+06  -9.0000000e+01   4.1243954e+07  -8.9999999e+01
   3.5075187e+03   1.2883352e+06  -9.0000000e+01   3.0310521e+07  -8.9999999e+01
   3.5277679e+03   1.2809402e+06  -9.0000000e+01   2.3958520e+07  -8.9999999e+01
   3.5481339e+03   1.2735877e+06  -9.0000000e+01   1.9807021e+07  -8.9999999e+01
   3.5686175e+03   1.2662774e+06  -9.0000000e+01   1.6881294e+07  -8.9999999e+01
   3.5892193e+03   1.2590091e+06  -9.0000000e+01   1.4708231e+07  -9.0000000e+01
   3.6099401e+03   1.2517824e+06  -9.0000000e+01   1.3030441e+07  -9.0000000e+01
   3.6307805e+03   1.2445973e+06  -9.0000000e+01   1.1695886e+07  -9.0000000e+01
   3.6517413e+03   1.2374534e+06  -9.0000000e+01   1.0608981e+07  -9.0000000e+01
   3.6728230e+03   1.2303505e+06  -9.0000000e+01   9.7066185e+06  -9.0000000e+01
   3.6940264e+03   1.2232884e+06  -9.0000000e+01   8.9454532e+06  -9.0000000e+01
   3.7153523e+03   1.2162668e+06  -9.0000000e+01   8.2947293e+06  -9.0000000e+01
   3.7368013e+03   1.2092855e+06  -9.0000000e+01   7.7320188e+06  -9.0000000e+01
   3.7583740e+03   1.2023443e+06  -9.0000000e+01   7.2405812e+06  -9.0000000e+01
   3.7800714e+03   1.1954430e+06  -9.0000000e+01   6.8076686e+06  -9.0000000e+01
   3.8018940e+03   1.1885812e+06  -9.0000000e+01   6.4234021e+06  -9.0000000e+01
   3.8238425e+03   1.1817588e+06  -9.0000000e+01   6.0800077e+06  -9.0000000e+01
   3.8459178e+03   1.1749756e+06  -9.0000000e+01   5.7712843e+06  -9.0000000e+01
   3.8681205e+03   1.1682314e+06  -9.0000000e+01   5.4922246e+06  -9.0000000e+01
   3.8904514e+03   1.1615258e+06  -9.0000000e+01   5.2387414e+06  -9.0000000e+01
   3.9129113e+03   1.1548587e+06  -9.0000000e+01   5.0074654e+06  -9.0000000e+01
   3.9355008e+03   1.1482299e+06  -9.0000000e+01   4.7955943e+06  -9.0000000e+01
   3.9582206e+03   1.1416392e+06  -9.0000000e+01   4.6007781e+06  -9.0000000e+01
   3.9810717e+03   1.1350862e+06  -9.0000000e+01   4.4210316e+06  -9.0000000e+01
   4.0040547e+03   1.1285709e+06  -9.0000000e+01   4.2546662e+06  -9.0000000e+01
   4.0271703e+03   1.1220930e+06  -9.0000000e+01   4.1002367e+06  -9.0000000e+01
   4.0504195e+03   1.1156523e+06  -9.0000000e+01   3.9564984e+06  -9.0000000e+01
   4.0738028e+03   1.1092485e+06  -9.0000000e+01   3.8223743e+06  -9.0000000e+01
   4.0973211e+03   1.1028815e+06  -9.0000000e+01   3.6969271e+06  -9.0000000e+01
   4.1209752e+03   1.0965511e+06  -9.0000000e+01   3.5793375e+06  -9.0000000e+01
   4.1447658e+03   1.0902569e+06  -9.0000000e+01   3.4688864e+06  -9.0000000e+01
   4.1686938e+03   1.0839989e+06  -9.0000000e+01   3.3649397e+06  -9.0000000e+01
   4.1927600e+03   1.0777769e+06  -9.0000000e+01   3.2669362e+06  -9.0000000e+01
   4.2169650e+03   1.0715905e+06  -9.0000000e+01   3.1743776e+06  -9.0000000e+01
   4.2413098e+03   1.0654397e+06  -9.0000000e+01   3.0868198e+06  -9.0000000e+01
   4.2657952e+03   1.0593241e+06  -9.0000000e+01   3.0038656e+06  -9.0000000e+01
   4.2904219e+03   1.0532437e+06  -9.0000000e+01   2.9251589e+06  -9.0000000e+01
   4.3151908e+03   1.0471981e+06  -9.0000000e+01   2.8503794e+06  -9.0000000e+01
   4.3401026e+03   1.0411873e+06  -9.0000000e+01   2.7792381e+06  -9.0000000e+01
   4.3651583e+03   1.0352110e+06  -9.0000000e+01   2.7114739e+06  -9.0000000e+01
   4.3903587e+03   1.0292689e+06  -9.0000000e+01   2.6468499e+06  -9.0000000e+01
   4.4157045e+03   1.0233610e+06  -9.0000000e+01   2.5851509e+06  -9.0000000e+01
   4.4411966e+03   1.0174870e+06  -9.0000000e+01   2.5261811e+06  -9.0000000e+01
   4.4668359e+03   1.0116467e+06  -9.0000000e+01   2.4697616e+06  -9.0000000e+01
   4.4926232e+03   1.0058399e+06  -9.0000000e+01   2.4157288e+06  -9.0000000e+01
   4.5185594e+03   1.0000664e+06  -9.0000000e+01   2.3639330e+06  -9.0000000e+01
   4.5446454e+03   9.9432614e+05  -9.0000000e+01   2.3142366e+06  -9.0000000e+01
   4.5708819e+03   9.8861878e+05  -9.0000000e+01   2.2665132e+06  -9.0000000e+01
   4.5972699e+03   9.8294418e+05  -9.0000000e+01   2.2206461e+06  -9.0000000e+01
   4.6238102e+03   9.7730216e+05  -9.0000000e+01   2.1765280e+06  -9.0000000e+01
   4.6505038e+03   9.7169252e+05  -9.0000000e+01   2.1340594e+06  -9.0000000e+01
   4.6773514e+03   9.6611507e+05  -9.0000000e+01   2.0931483e+06  -9.0000000e+01
   4.7043541e+03   9.6056964e+05  -9.0000000e+01   2.0537095e+06  -9.0000000e+01
   4.7315126e+03   9.5505604e+05  -9.0000000e+01   2.0156639e+06  -9.0000000e+01
   4.7588279e+03   9.4957409e+05  -9.0000000e+01   1.9789378e+06  -9.0000000e+01
   4.7863009e+03   9.4412361e+05  -9.0000000e+01   1.9434629e+06  -9.0000000e+01
   4.8139325e+03   9.3870441e+05  -9.0000000e+01   1.9091753e+06  -9.0000000e+01
   4.8417237e+03   9.3331631e+05  -9.0000000e+01   1.8760155e+06  -9.0000000e+01
   4.8696753e+03   9.2795915e+05  -9.0000000e+01   1.8439279e+06  -9.0000000e+01
   4.8977882e+03   9.2263273e+05  -9.0000000e+01   1.8128604e+06  -9.0000000e+01
   4.9260634e+03   9.1733689e+05  -9.0000000e+01   1.7827643e+06  -9.0000000e+01
   4.9545019e+03   9.1207144e+05  -9.0000000e+01   1.7535940e+06  -9.0000000e+01
   4.9831046e+03   9.0683622e+05  -9.0000000e+01   1.7253067e+06  -9.0000000e+01
   5.0118723e+03   9.0163105e+05  -9.0000000e+01   1.6978622e+06  -9.0000000e+01
   5.0408062e+03   8.9645575e+05  -9.0000000e+01   1.6712226e+06  -9.0000000e+01
   5.0699071e+03   8.9131016e+05  -9.0000000e+01   1.6453523e+06  -9.0000000e+01
   5.0991760e+03   8.8619411e+05  -9.0000000e+01   1.6202179e+06  -9.0000000e+01
   5.1286138e+03   8.8110742e+05  -9.0000000e+01   1.5957878e+06  -9.0000000e+01
   5.1582217e+03   8.7604993e+05  -9.0000000e+01   1.5720321e+06  -9.0000000e+01
   5.1880004e+03   8.7102146e+05  -9.0000000e+01   1.5489228e+06  -9.0000000e+01
   5.2179510e+03   8.6602187e+05  -9.0000000e+01   1.5264332e+06  -9.0000000e+01
   5.2480746e+03   8.6105096e+05  -9.0000000e+01   1.5045382e+06  -9.0000000e+01
   5.2783721e+03   8.5610860e+05  -9.0000000e+01   1.4832140e+06  -9.0000000e+01
   5.3088444e+03   8.5119460e+05  -9.0000000e+01   1.4624380e+06  -9.0000000e+01
   5.3394927e+03   8.4630880e+05  -9.0000000e+01   1.4421889e+06  -9.0000000e+01
   5.3703180e+03   8.4145105e+05  -9.0000000e+01   1.4224463e+06  -9.0000000e+01
   5.4013211e+03   8.3662118e+05  -9.0000000e+01   1.4031912e+06  -9.0000000e+01
   5.4325033e+03   8.3181904e+05  -9.0000000e+01   1.3844051e+06  -9.0000000e+01
   5.4638655e+03   8.2704446e+05  -9.0000000e+01   1.3660707e+06  -9.0000000e+01
   5.4954087e+03   8.2229729e+05  -9.0000000e+01   1.3481715e+06  -9.0000000e+01
   5.5271341e+03   8.1757736e+05  -9.0000000e+01   1.3306917e+06  -9.0000000e+01
   5.5590426e+03   8.1288453e+05  -9.0000000e+01   1.3136165e+06  -9.0000000e+01
   5.5911353e+03   8.0821863e+05  -9.0000000e+01   1.2969315e+06  -9.0000000e+01
   5.6234133e+03   8.0357952e+05  -9.0000000e+01   1.2806231e+06  -9.0000000e+01
   5.6558776e+03   7.9896703e+05  -9.0000000e+01   1.2646784e+06  -9.0000000e+01
   5.6885293e+03   7.9438102e+05  -9.0000000e+01   1.2490849e+06  -9.0000000e+01
   5.7213695e+03   7.8982133e+05  -9.0000000e+01   1.2338309e+06  -9.0000000e+01
   5.7543994e+03   7.8528781e+05  -9.0000000e+01   1.2189051e+06  -9.0000000e+01
   5.7876199e+03   7.8078032e+05  -9.0000000e+01   1.2042967e+06  -9.0000000e+01
   5.8210322e+03   7.7629870e+05  -9.0000000e+01   1.1899953e+06  -9.0000000e+01
   5.8546374e+03   7.7184280e+05  -9.0000000e+01   1.1759911e+06  -9.0000000e+01
   5.8884366e+03   7.6741248e+05  -9.0000000e+01   1.1622746e+06  -9.0000000e+01
   5.9224309e+03   7.6300759e+05  -9.0000000e+01   1.1488367e+06  -9.0000000e+01
   5.9566214e+03   7.5862798e+05  -9.0000000e+01   1.1356689e+06  -9.0000000e+01
   5.9910094e+03   7.5427351e+05  -9.0000000e+01   1.1227626e+06  -9.0000000e+01
   6.0255959e+03   7.4994404e+05  -9.0000000e+01   1.1101101e+06  -9.0000000e+01
   6.0603820e+03   7.4563942e+05  -9.0000000e+01   1.0977036e+06  -9.0000000e+01
   6.0953690e+03   7.4135950e+05  -9.0000000e+01   1.0855357e+06  -9.0000000e+01
   6.1305579e+03   7.3710415e+05  -9.0000000e+01   1.0735994e+06  -9.0000000e+01
   6.1659500e+03   7.3287323e+05  -9.0000000e+01   1.0618880e+06  -9.0000000e+01
   6.2015464e+03   7.2866659e+05  -9.0000000e+01   1.0503949e+06  -9.0000000e+01
   6.2373484e+03   7.2448410e+05  -9.0000000e+01   1.0391139e+06  -9.0000000e+01
   6.2733570e+03   7.2032561e+05  -9.0000000e+01   1.0280389e+06  -9.0000000e+01
   6.3095734e+03   7.1619100e+05  -9.0000000e+01   1.0171642e+06  -9.0000000e+01
   6.3459990e+03   7.1208011e+05  -9.0000000e+01   1.0064841e+06  -9.0000000e+01
   6.3826349e+03   7.0799283e+05  -9.0000000e+01   9.9599324e+05  -9.0000000e+01
   6.4194822e+03   7.0392900e+05  -9.0000000e+01   9.8568654e+05  -9.0000000e+01
   6.4565423e+03   6.9988850e+05  -9.0000000e+01   9.7555897e+05  -9.0000000e+01
   6.4938163e+03   6.9587119e+05  -9.0000000e+01   9.6560572e+05  -9.0000000e+01
   6.5313055e+03   6.9187694e+05  -9.0000000e+01   9.5582217e+05  -9.0000000e+01
   6.5690112e+03   6.8790562e+05  -9.0000000e+01   9.4620385e+05  -9.0000000e+01
   6.6069345e+03   6.8395709e+05  -9.0000000e+01   9.3674644e+05  -9.0000000e+01
   6.6450767e+03   6.8003123e+05  -9.0000000e+01   9.2744579e+05  -9.0000000e+01
   6.6834392e+03   6.7612790e+05  -9.0000000e+01   9.1829788e+05  -9.0000000e+01
   6.7220231e+03   6.7224698e+05  -9.0000000e+01   9.0929883e+05  -9.0000000e+01
   6.7608298e+03   6.6838833e+05  -9.0000000e+01   9.0044489e+05  -9.0000000e+01
   6.7998605e+03   6.6455183e+05  -9.0000000e+01   8.9173245e+05  -9.0000000e+01
   6.8391165e+03   6.6073735e+05  -9.0000000e+01   8.8315801e+05  -9.0000000e+01
   6.8785991e+03   6.5694477e+05  -9.0000000e+01   8.7471819e+05  -9.0000000e+01
   6.9183097e+03   6.5317395e+05  -9.0000000e+01   8.6640971e+05  -9.0000000e+01
   6.9582495e+03   6.4942478e+05  -9.0000000e+01   8.5822940e+05  -9.0000000e+01
   6.9984200e+03   6.4569713e+05  -9.0000000e+01   8.5017422e+05  -9.0000000e+01
   7.0388223e+03   6.4199088e+05  -9.0000000e+01   8.4224119e+05  -9.0000000e+01
   7.0794578e+03   6.3830590e+05  -9.0000000e+01   8.3442744e+05  -9.0000000e+01
   7.1203280e+03   6.3464207e+05  -9.0000000e+01   8.2673019e+05  -9.0000000e+01
   7.1614341e+03   6.3099927e+05  -9.0000000e+01   8.1914676e+05  -9.0000000e+01
   7.2027775e+03   6.2737738e+05  -9.0000000e+01   8.1167454e+05  -9.0000000e+01
   7.2443596e+03   6.2377628e+05  -9.0000000e+01   8.0431100e+05  -9.0000000e+01
   7.2861817e+03   6.2019585e+05  -9.0000000e+01   7.9705368e+05  -9.0000000e+01
   7.3282453e+03   6.1663597e+05  -9.0000000e+01   7.8990022e+05  -9.0000000e+01
   7.3705518e+03   6.1309653e+05  -9.0000000e+01   7.8284831e+05  -9.0000000e+01
   7.4131024e+03   6.0957740e+05  -9.0000000e+01   7.7589571e+05  -9.0000000e+01
   7.4558987e+03   6.0607847e+05  -9.0000000e+01   7.6904027e+05  -9.0000000e+01
   7.4989421e+03   6.0259963e+05  -9.0000000e+01   7.6227986e+05  -9.0000000e+01
   7.5422340e+03   5.9914075e+05  -9.0000000e+01   7.5561246e+05  -9.0000000e+01
   7.5857758e+03   5.9570172e+05  -9.0000000e+01   7.4903607e+05  -9.0000000e+01
   7.6295689e+03   5.9228244e+05  -9.0000000e+01   7.4254878e+05  -9.0000000e+01
   7.6736149e+03   5.8888278e+05  -9.0000000e+01   7.3614871e+05  -9.0000000e+01
   7.7179152e+03   5.8550264e+05  -9.0000000e+01   7.2983404e+05  -9.0000000e+01
   7.7624712e+03   5.8214190e+05  -9.0000000e+01   7.2360302e+05  -9.0000000e+01
   7.8072844e+03   5.7880045e+05  -9.0000000e+01   7.1745391e+05  -9.0000000e+01
   7.8523563e+03   5.7547817e+05  -9.0000000e+01   7.1138506e+05  -9.0000000e+01
   7.8976885e+03   5.7217497e+05  -9.0000000e+01   7.0539484e+05  -9.0000000e+01
   7.9432823e+03   5.6889073e+05  -9.0000000e+01   6.9948167e+05  -9.0000000e+01
   7.9891394e+03   5.6562534e+05  -9.0000000e+01   6.9364403e+05  -9.0000000e+01
   8.0352612e+03   5.6237869e+05  -9.0000000e+01   6.8788041e+05  -9.0000000e+01
   8.0816493e+03   5.5915068e+05  -9.0000000e+01   6.8218936e+05  -9.0000000e+01
   8.1283052e+03   5.5594120e+05  -9.0000000e+01   6.7656947e+05  -9.0000000e+01
   8.1752304e+03   5.5275014e+05  -9.0000000e+01   6.7101937e+05  -9.0000000e+01
   8.2224265e+03   5.4957739e+05  -9.0000000e+01   6.6553770e+05  -9.0000000e+01
   8.2698951e+03   5.4642286e+05  -9.0000000e+01   6.6012318e+05  -9.0000000e+01
   8.3176377e+03   5.4328643e+05  -9.0000000e+01   6.5477452e+05  -9.0000000e+01
   8.3656560e+03   5.4016801e+05  -9.0000000e+01   6.4949050e+05  -9.0000000e+01
   8.4139514e+03   5.3706748e+05  -9.0000000e+01   6.4426989e+05  -9.0000000e+01
   8.4625257e+03   5.3398475e+05  -9.0000000e+01   6.3911154e+05  -9.0000000e+01
   8.5113804e+03   5.3091972e+05  -9.0000000e+01   6.3401428e+05  -9.0000000e+01
   8.5605171e+03   5.2787228e+05  -9.0000000e+01   6.2897702e+05  -9.0000000e+01
   8.6099375e+03   5.2484233e+05  -9.0000000e+01   6.2399864e+05  -9.0000000e+01
   8.6596432e+03   5.2182978e+05  -9.0000000e+01   6.1907811e+05  -9.0000000e+01
   8.7096359e+03   5.1883451e+05  -9.0000000e+01   6.1421438e+05  -9.0000000e+01
   8.7599172e+03   5.1585644e+05  -9.0000000e+01   6.0940643e+05  -9.0000000e+01
   8.8104887e+03   5.1289546e+05  -9.0000000e+01   6.0465329e+05  -9.0000000e+01
   8.8613522e+03   5.0995148e+05  -9.0000000e+01   5.9995400e+05  -9.0000000e+01
   8.9125094e+03   5.0702440e+05  -9.0000000e+01   5.9530762e+05  -9.0000000e+01
   8.9639619e+03   5.0411411e+05  -9.0000000e+01   5.9071322e+05  -9.0000000e+01
   9.0157114e+03   5.0122054e+05  -9.0000000e+01   5.8616992e+05  -9.0000000e+01
   9.0677596e+03   4.9834357e+05  -9.0000000e+01   5.8167685e+05  -9.0000000e+01
   9.1201084e+03   4.9548311e+05  -9.0000000e+01   5.7723316e+05  -9.0000000e+01
   9.1727594e+03   4.9263908e+05  -9.0000000e+01   5.7283800e+05  -9.0000000e+01
   9.2257143e+03   4.8981136e+05  -9.0000000e+01   5.6849057e+05  -9.0000000e+01
   9.2789749e+03   4.8699988e+05  -9.0000000e+01   5.6419008e+05  -9.0000000e+01
   9.3325430e+03   4.8420454e+05  -9.0000000e+01   5.5993575e+05  -9.0000000e+01
   9.3864204e+03   4.8142524e+05  -9.0000000e+01   5.5572683e+05  -9.0000000e+01
   9.4406088e+03   4.7866190e+05  -9.0000000e+01   5.5156256e+05  -9.0000000e+01
   9.4951100e+03   4.7591441e+05  -9.0000000e+01   5.4744224e+05  -9.0000000e+01
   9.5499259e+03   4.7318270e+05  -9.0000000e+01   5.4336514e+05  -9.0000000e+01
   9.6050582e+03   4.7046667e+05  -9.0000000e+01   5.3933059e+05  -9.0000000e+01
   9.6605088e+03   4.6776622e+05  -9.0000000e+01   5.3533790e+05  -9.0000000e+01
   9.7162795e+03   4.6508128e+05  -9.0000000e+01   5.3138641e+05  -9.0000000e+01
   9.7723722e+03   4.6241175e+05  -9.0000000e+01   5.2747548e+05  -9.0000000e+01
   9.8287887e+03   4.5975754e+05  -9.0000000e+01   5.2360447e+05  -9.0000000e+01
   9.8855309e+03   4.5711856e+05  -9.0000000e+01   5.1977277e+05  -9.0000000e+01
   9.9426007e+03   4.5449474e+05  -9.0000000e+01   5.1597977e+05  -9.0000000e+01
   1.0000000e+04   4.5188597e+05  -9.0000000e+01   5.1222487e+05  -9.0000000e+01
