% Model:              AC -220722 - Parallel Section.mph
% Version:            COMSOL 6.0.0.405
% Date:               Jul 22 2022, 22:53
% Dimension:          1
% Nodes:              961
% Expressions:        1
% Description:        Global
% freq (Hz)               2DX, 
200                       5793735.188477913
205                       5605815.222274618
210                       5425573.412694853
215                       5252462.629591305
220                       5085985.092799225
225                       4925686.878933548
230                       4771153.144305425
235                       4622003.957169505
240                       4477890.6504502585
245                       4338492.620790082
250                       4203514.511052199
255                       4072683.723937994
260                       3945748.221985039
265                       3822474.576060523
270                       3702646.2302597114
275                       3586061.9554793807
280                       3472534.4681857936
285                       3361889.1940349718
290                       3253963.1586908335
295                       3148603.991042614
300                       3045669.0252838647
305                       2945024.49083801
310                       2846544.7799223587
315                       2750111.784245295
320                       2655614.2931468757
325                       2562947.446604271
330                       2472012.2371941926
335                       2382715.0558806066
340                       2294967.277066164
345                       2208684.8789040954
350                       2123788.0952630523
355                       2040201.0962155785
360                       1957851.6941808644
365                       1876671.0732955714
370                       1796593.5396420287
375                       1717556.2904352753
380                       1639499.2003143104
385                       1562364.623129742
390                       1486097.207751392
395                       1410643.726631746
400                       1335952.9158930932
405                       1261975.3258716867
410                       1188663.1811688712
415                       1115970.249282422
420                       1043851.7170611307
425                       972264.0741919532
430                       901165.0030806555
435                       830513.27448564
440                       760268.6483412344
445                       690391.7792328901
450                       620844.1260489501
455                       551587.8653220012
460                       482585.80786317494
465                       413801.31827691034
470                       345198.2369561764
475                       276740.80423077225
480                       208393.58630009033
485                       140121.40263817355
490                       71889.25452357426
495                       3662.254419456167
500                       64594.44412120812
505                       132915.71633167192
510                       201336.53616917986
515                       269892.0466185819
520                       338617.63067995996
525                       407548.9833124898
530                       476722.18468361447
535                       546173.7750193751
540                       615940.8314004244
545                       686061.0468532192
550                       756572.8120933941
555                       827515.3003259478
560                       898928.5554769484
565                       970853.5843306786
570                       1043332.4530055595
575                       1116408.3883027479
580                       1190125.8844209302
585                       1264530.8156675121
590                       1339670.5557808545
595                       1415594.1045334218
600                       1492352.222410236
605                       1569997.574149815
610                       1648584.8820687875
615                       1728171.0901650705
620                       1808815.5400875523
625                       1890580.1601804066
630                       1973529.6689601715
635                       2057731.7944717584
640                       2143257.5112105045
645                       2230181.296413073
650                       2318581.407773293
655                       2408540.1848879973
660                       2500144.3769323966
665                       2593485.4994686563
670                       2688660.2236234075
675                       2785770.801189468
680                       2884925.529787612
685                       2986239.26267661
690                       3089833.968440259
695                       3195839.346428322
700                       3304393.5047562104
705                       3415643.708448951
710                       3529747.2065170296
715                       3646872.1479608375
720                       3767198.5982155153
725                       3890919.6691533974
730                       4018242.777951613
735                       4149391.0523587554
740                       4284604.9027184015
745                       4424143.784422205
750                       4568288.178415423
755                       4717341.821939546
760                       4871634.227288588
765                       5031523.533117891
770                       5197399.740663511
775                       5369688.39714525
780                       5548854.800030491
785                       5735408.810530058
790                       5929910.381786965
795                       6132975.928809636
800                       6345285.693820178
805                       6567592.293368152
810                       6800730.67446855
815                       7045629.758816369
820                       7303326.1186347045
825                       7574980.110142906
830                       7861894.996114531
835                       8165539.724149716
840                       8487576.203041036
845                       8829892.148962386
850                       9194640.875130964
855                       9584289.800217379
860                       1.000167998888612E7
865                       1.0450099767042551E7
870                       1.0933376452881966E7
875                       1.145599162753166E7
880                       1.2023227307204606E7
885                       1.2641353134501722E7
890                       1.3317868676394453E7
895                       1.406182073326503E7
900                       1.4884224224053212E7
905                       1.5798628362835072E7
910                       1.6821890212735567E7
915                       1.7975249995910507E7
920                       1.9285855041046623E7
925                       2.078896706312296E7
930                       2.2531239120277613E7
935                       2.45757201630363E7
940                       2.7009752105902545E7
945                       2.995791779117171E7
950                       3.36042584597443E7
955                       3.82325517545982E7
960                       4.4304462770248E7
965                       5.2624836170255385E7
970                       6.4733364052811675E7
975                       8.39913160839589E7
980                       1.194067720240319E8
985                       2.0607922811973912E8
990                       7.476044813217745E8
995                       4.604821479587834E8
1000                      1.7615256815856585E8
1005                      1.0893433345480642E8
1010                      7.885105752072522E7
1015                      6.178387920607623E7
1020                      5.078344709887287E7
1025                      4.310004796720243E7
1030                      3.7427576097034514E7
1035                      3.3066076548759364E7
1040                      2.960666513494623E7
1045                      2.6794476515019577E7
1050                      2.446238529702835E7
1055                      2.2496241005913123E7
1060                      2.0815419168804258E7
1065                      1.9361354718446057E7
1070                      1.809048026109013E7
1075                      1.6969713859416366E7
1080                      1.5973483411951646E7
1085                      1.5081709930223059E7
1090                      1.4278407581847647E7
1095                      1.3550691111616187E7
1100                      1.2888058736416506E7
1105                      1.2281865261331111E7
1110                      1.172492904137813E7
1115                      1.1211234731477413E7
1120                      1.0735705652412347E7
1125                      1.0294027465691164E7
1130                      9882510.153084492
1135                      9497978.93174958
1140                      9137687.266589345
1145                      8799246.927926015
1150                      8480571.320857942
1155                      8179829.238289711
1160                      7895406.867188962
1165                      7625876.379197213
1170                      7369969.811726357
1175                      7126557.228045693
1180                      6894628.36021836
1185                      6673277.103572877
1190                      6461688.358778797
1195                      6259126.817116518
1200                      6064927.3618345475
1205                      5878486.8203925835
1210                      5699256.850611094
1215                      5526737.7828390505
1220                      5360473.271476233
1225                      5200045.634241433
1230                      5045071.778075331
1235                      4895199.6271953145
1240                      4750104.982428393
1245                      4609488.752150398
1250                      4473074.504393818
1255                      4340606.2974092355
1260                      4211846.752232242
1265                      4086575.336253807
1270                      3964586.8311842782
1275                      3845689.962580245
1280                      3729706.171243044
1285                      3616468.509555292
1290                      3505820.647987778
1295                      3397615.9790536873
1300                      3291716.8075613845
1305                      3187993.6174954316
1310                      3086324.407022718
1315                      2986594.084198529
1320                      2888693.9168450558
1325                      2792521.030845747
1330                      2697977.9517749758
1335                      2604972.1853995016
1340                      2513415.8330439646
1345                      2423225.238321851
1350                      2334320.6620741165
1355                      2246625.9827159834
1360                      2160068.419508282
1365                      2074578.2764918958
1370                      1990088.7051044812
1375                      1906535.4836498192
1380                      1823856.812012561
1385                      1741993.1201547186
1390                      1660886.8890461433
1395                      1580482.4828474065
1400                      1500725.991238851
1405                      1421565.0809064703
1410                      1342948.8552601568
1415                      1264827.721557849
1420                      1187153.2646688903
1425                      1109878.126747885
1430                      1032955.8921739729
1435                      956340.9771444644
1440                      879988.5233323739
1445                      803854.2950757844
1450                      727894.5795942007
1455                      652066.0897306751
1460                      576325.8687666224
1465                      500631.1968621853
1470                      424939.4986588483
1475                      349208.2516711426
1480                      273394.89499298885
1485                      197456.73793957304
1490                      121350.8681895376
1495                      45034.05902088874
1500                      31537.32480243432
1505                      108407.42291221069
1510                      185620.97744671762
1515                      263223.433861633
1520                      341261.04491190583
1525                      419780.97834531445
1530                      498831.4288243329
1535                      578461.7346739229
1540                      658722.5000649072
1545                      739665.7232927053
1550                      821344.9318787844
1555                      903815.325253418
1560                      987133.9258721702
1565                      1071359.7396766443
1570                      1156553.9268975353
1575                      1242779.9843106454
1580                      1330103.9401270405
1585                      1418594.5628735798
1590                      1508323.5857082442
1595                      1599365.9478065472
1600                      1691800.0546136606
1605                      1785708.0589669878
1610                      1881176.1653086238
1615                      1978294.9594919113
1620                      2077159.7669459602
1625                      2177871.042323154
1630                      2280534.794124088
1635                      2385263.0482404525
1640                      2492174.354836404
1645                      2601394.343594835
1650                      2713056.3329750993
1655                      2827301.9999232097
1660                      2944282.117340806
1665                      3064157.3675998426
1670                      3187099.24164108
1675                      3313291.034482494
1680                      3442928.9496003413
1685                      3576223.326521931
1690                      3713400.0081014787
1695                      3854701.866561943
1700                      4000390.5104096285
1705                      4150748.1978351376
1710                      4306079.986594176
1715                      4466716.155231618
1720                      4633014.936678578
1725                      4805365.612400532
1730                      4984192.02397464
1735                      5169956.569464285
1740                      5363164.764642326
1745                      5564370.464590162
1750                      5774181.8601841675
1755                      5993268.387058527
1760                      6222368.7135257255
1765                      6462300.009340287
1770                      6713968.741669516
1775                      6978383.300311447
1780                      7256668.82437304
1785                      7550084.691852337
1790                      7860045.247390755
1795                      8188144.490251714
1800                      8536185.634188298
1805                      8906216.699520549
1810                      9300573.62387742
1815                      9721932.812792193
1820                      1.0173375632841688E7
1825                      1.0658468138813872E7
1830                      1.1181360405179309E7
1835                      1.1746911326486535E7
1840                      1.2360846845445419E7
1845                      1.3029962543388454E7
1850                      1.3762385814760858E7
1855                      1.456791912564385E7
1860                      1.5458495202422688E7
1865                      1.6448789180229893E7
1870                      1.7557054705451533E7
1875                      1.880628578812438E7
1880                      2.022586275404601E7
1885                      2.1853935180620734E7
1890                      2.3740957851468902E7
1895                      2.5955087713047862E7
1900                      2.8590694413755268E7
1905                      3.1782303010984622E7
1910                      3.5728495571127936E7
1915                      4.073519203830342E7
1920                      4.729950593939416E7
1925                      5.628677042546376E7
1930                      6.934895498827481E7
1935                      9.00814310810608E7
1940                      1.2807146571186112E8
1945                      2.2029548820162886E8
1950                      7.733514935969075E8
1955                      5.175136518428263E8
1960                      1.9461406472504008E8
1965                      1.2009657434745643E8
1970                      8.696721516195329E7
1975                      6.823281468907323E7
1980                      5.6181567636164404E7
1985                      4.7775597746796764E7
1990                      4.157594199675974E7
1995                      3.6812933175898395E7
2000                      3.3037602703262668E7
2005                      2.997040547533828E7
2010                      2.7428191524640415E7
2015                      2.5285953503786426E7
2020                      2.3455450470558777E7
2025                      2.1872616511260748E7
2030                      2.0489812248082224E7
2035                      1.9270877032257322E7
2040                      1.8187867903470073E7
2045                      1.7218850506057285E7
2050                      1.6346366260091033E7
2055                      1.5556345990251375E7
2060                      1.4837325326035451E7
2065                      1.4179868403641233E7
2070                      1.357613808473885E7
2075                      1.3019571000085525E7
2080                      1.250462875463796E7
2085                      1.2026605251673248E7
2090                      1.1581475902596038E7
2095                      1.1165778470715262E7
2100                      1.0776518067922402E7
2105                      1.0411090779001744E7
2110                      1.0067221787165191E7
2115                      9742914.887081182
2120                      9436411.012883604
2125                      9146153.957331788
2130                      8870761.868154366
2135                      8609003.416494578
2140                      8359777.767773622
2145                      8122097.665274788
2150                      7895075.076242877
2155                      7677908.958669188
2160                      7469874.791829619
2165                      7270315.580805527
2170                      7078634.0982610425
2175                      6894286.169258132
2180                      6716774.838989742
2185                      6545645.290753633
2190                      6380480.403787961
2195                      6220896.858837975
2200                      6066541.714021733
2205                      5917089.385973442
2210                      5772238.981227391
2215                      5631711.931165889
2220                      5495249.890879545
2225                      5362612.868041591
2230                      5233577.552798742
2235                      5107935.823778896
2240                      4985493.408735403
2245                      4866068.681345962
2250                      4749491.578086448
2255                      4635602.621274215
2260                      4524252.036133943
2265                      4415298.951351624
2270                      4308610.673810965
2275                      4204062.029450372
2280                      4101534.7630863097
2285                      4000916.9909412772
2290                      3902102.7003393425
2295                      3804991.2916701674
2300                      3709487.1582814357
2305                      3615499.3004524456
2310                      3522940.9700156976
2315                      3431729.342563659
2320                      3341785.214516781
2325                      3253032.7226035395
2330                      3165399.083543515
2335                      3078814.3519733394
2340                      2993211.1948263063
2345                      2908524.68055128
2350                      2824692.0817182004
2355                      2741652.689676989
2360                      2659347.6400680467
2365                      2577719.7480688705
2370                      2496713.352378181
2375                      2416274.1669856133
2380                      2336349.139880683
2385                      2256886.317886427
2390                      2177834.716881024
2395                      2099144.1966997813
2400                      2020765.340055843
2405                      1942649.33485713
2410                      1864747.8593175237
2415                      1787012.9692847931
2420                      1709396.9872267614
2425                      1631852.392334971
2430                      1554331.7112029
2435                      1476787.4085471805
2440                      1399171.7774471473
2445                      1321436.8285427694
2450                      1243534.177674239
2455                      1165414.9313712562
2460                      1087029.569628336
2465                      1008327.8253592757
2470                      929258.5598891114
2475                      849769.6338205226
2480                      769807.7725594814
2485                      689318.4257367166
2490                      608245.6197164139
2495                      526531.8023032553
2500                      444117.678689848
2505                      360942.03761735396
2510                      276941.56659965287
2515                      192050.6549711397
2520                      106201.18339312117
2525                      19322.29829863183
2530                      68659.8303836566
2535                      157822.27008727682
2540                      248245.60710185513
2545                      340014.2509967689
2550                      433216.7645450514
2555                      527946.2220032242
2560                      624300.5989792665
2565                      722383.1974955086
2570                      822303.1103370195
2575                      924175.7292757673
2580                      1028123.3023955374
2585                      1134275.5464205781
2590                      1242770.320770141
2595                      1353754.3709934475
2600                      1467384.1503297335
2605                      1583826.7293994012
2610                      1703260.8055108942
2615                      1825877.824792019
2620                      1951883.23238163
2625                      2081497.8683016072
2630                      2214959.529433625
2635                      2352524.7213611393
2640                      2494470.627777464
2645                      2641097.32987431
2650                      2792730.3137474577
2655                      2949723.3105949443
2660                      3112461.5226314883
2665                      3281365.297442154
2670                      3456894.3254517787
2675                      3639552.4496948086
2680                      3829893.1949137044
2685                      4028526.144891071
2690                      4236124.324040867
2695                      4453432.772903791
2700                      4681278.549316139
2705                      4920582.439830338
2710                      5172372.732820019
2715                      5437801.489698243
2720                      5718163.85956602
2725                      6014921.122980877
2730                      6329728.332991945
2735                      6664467.660480162
2740                      7021288.866357351
2745                      7402658.743554504
2750                      7811421.937336248
2755                      8250876.320877757
2760                      8724867.159231791
2765                      9237905.762418471
2770                      9795320.394923845
2775                      1.040345015811454E7
2780                      1.106989683346948E7
2785                      1.1803855962309785E7
2790                      1.2616557856580833E7
2795                      1.3521863620748794E7
2800                      1.4537083706489272E7
2805                      1.5684122365728892E7
2810                      1.6991110139868822E7
2815                      1.8494785764902852E7
2820                      2.024406211341673E7
2825                      2.2305524882099006E7
2830                      2.4772207531158313E7
2835                      2.7778170984128557E7
2840                      3.1523923147460096E7
2845                      3.632341062607243E7
2850                      4.269745964460084E7
2855                      5.1577796240660265E7
2860                      6.481182757980878E7
2865                      8.665394156034577E7
2870                      1.2957925155978765E8
2875                      2.5269540956029803E8
2880                      3.888941471696702E9
2885                      2.953076804368982E8
2890                      1.4335206617521104E8
2895                      9.510969559291716E7
2900                      7.140862406835997E7
2905                      5.731479029485004E7
2910                      4.796782924196192E7
2915                      4.131281146115615E7
2920                      3.633135084761365E7
2925                      3.2461228177018277E7
2930                      2.9366698029582907E7
2935                      2.6834886131467205E7
2940                      2.4724292311614897E7
2945                      2.2937190141644247E7
2950                      2.140391480812718E7
2955                      2.0073465334972672E7
2960                      1.890764647546723E7
2965                      1.7877286729289588E7
2970                      1.6959721947579872E7
2975                      1.6137076530123608E7
2980                      1.539506207619142E7
2985                      1.4722120426841833E7
2990                      1.4108801169371545E7
2995                      1.3547302027826695E7
3000                      1.303112449207243E7
3005                      1.2554812327758454E7
3010                      1.2113750592926655E7
3015                      1.1704009433456877E7
3020                      1.1322221434547558E7
3025                      1.0965484408872668E7
3030                      1.0631283672331925E7
3035                      1.0317429396883376E7
3040                      1.0022005735239688E7
3045                      9743329.21489881
3050                      9479914.489301074
3055                      9230445.971591707
3060                      8993754.205022844
3065                      8768796.072098171
3070                      8554638.134005914
3075                      8350442.537505006
3080                      8155455.039118714
3085                      7968994.784551279
3090                      7790445.5502458215
3095                      7619248.208697724
3100                      7454894.2224814985
3105                      7296920.006719787
3110                      7144902.027623388
3115                      6998452.527268605
3120                      6857215.783188238
3125                      6720864.8261849275
3130                      6589098.552149166
3135                      6461639.173709034
3140                      6338229.965848899
3145                      6218633.266643202
3150                      6102628.6999310665
3155                      5990011.5916666305
3160                      5880591.555638418
3165                      5774191.22773672
3170                      5670645.130791713
3175                      5569798.654435187
3180                      5471507.136527028
3185                      5375635.034454873
3190                      5282055.176105046
3195                      5190648.081624936
3200                      5101301.34818877
3205                      5013909.090925003
3210                      4928371.434027015
3215                      4844594.046744914
3220                      4762487.719598745
3225                      4681967.976686901
3230                      4602954.7204250125
3235                      4525371.905476011
3240                      4449147.238972964
3245                      4374211.9044671105
3250                      4300500.307290454
3255                      4227949.839272768
3260                      4156500.660985156
3265                      4086095.499820415
3270                      4016679.4624452298
3275                      3948199.8602592666
3280                      3880606.046653341
3285                      3813849.2649599267
3290                      3747882.506093234
3295                      3682660.3749739635
3300                      3618138.964901855
3305                      3554275.739116233
3310                      3491029.4188522804
3315                      3428359.8772426
3320                      3366228.0384796285
3325                      3304595.781682986
3330                      3243425.8489634143
3335                      3182681.7572053014
3340                      3122327.713116691
3345                      3062328.5311265145
3350                      3002649.5537203066
3355                      2943256.5738370875
3360                      2884115.758952685
3365                      2825193.5764927254
3370                      2766456.7202272685
3375                      2707872.0373015073
3380                      2649406.455565156
3385                      2591026.9108605324
3390                      2532700.2739263386
3395                      2474393.2765733353
3400                      2416072.436776562
3405                      2357703.9823171124
3410                      2299253.7725996515
3415                      2240687.218246621
3420                      2181969.1980514345
3425                      2123063.9728523344
3430                      2063935.0958581711
3435                      2004545.318919494
3440                      1944856.4942072355
3445                      1884829.470712958
3450                      1824423.9849360562
3455                      1763598.5450670214
3460                      1702310.3079081448
3465                      1640514.9477038723
3470                      1578166.5159671057
3475                      1515217.2912879963
3480                      1451617.618019187
3485                      1387315.7325852532
3490                      1322257.5760494194
3495                      1256386.5913935977
3500                      1189643.5037975926
3505                      1121966.081989907
3510                      1053288.8785127366
3515                      983542.946465997
3520                      912655.5299948432
3525                      840549.725416657
3530                      767144.1094838671
3535                      692352.3307974152
3540                      616082.6598406585
3545                      538237.4924724932
3550                      458712.80096613703
3555                      377397.52584036154
3560                      294172.900710999
3565                      208911.70121470361
3570                      121477.40768850406
3575                      31723.26964900896
3580                      60508.74179675527
3585                      155389.10975478546
3590                      253102.09441411257
3595                      353847.22505888995
3600                      457840.98716053396
3605                      565318.7351244539
3610                      676536.8668659021
3615                      791775.3031543277
3620                      911340.3229003344
3625                      1035567.8156222892
3630                      1164827.0246474545
3635                      1299524.8698139489
3640                      1440110.9572659044
3645                      1587083.407363654
3650                      1740995.6611124673
3655                      1902464.4623990736
3660                      2072179.2602839458
3665                      2250913.335146648
3670                      2439537.0292570884
3675                      2639033.5613968493
3680                      2850518.034309766
3685                      3075260.4133724296
3690                      3314713.479572164
3695                      3570547.060235804
3700                      3844690.246538657
3705                      4139383.859987629
3710                      4457246.193268038
3715                      4801356.116376378
3720                      5175359.146230121
3725                      5583604.239970323
3730                      6031322.221401349
3735                      6524861.413623421
3740                      7072003.0841235295
3745                      7682390.128978361
3750                      8368119.440453183
3755                      9144575.829148516
3760                      1.0031630798186077E7
3765                      1.105540704996337E7
3770                      1.2250946797888488E7
3775                      1.3666374393435994E7
3780                      1.536963010317697E7
3785                      1.7459840490370963E7
3790                      2.0087532930419113E7
3795                      2.3492915344880186E7
3800                      2.8084352752019577E7
3805                      3.4616732390179984E7
3810                      4.465799127126037E7
3815                      6.20870824629978E7
3820                      9.983617013751432E7
3825                      2.433021911931296E8
3830                      6.158356387493771E8
3835                      1.3896927752627334E8
3840                      7.926663921365345E7
3845                      5.589019567376713E7
3850                      4.341426708160806E7
3855                      3.565262487202154E7
3860                      3.035545461733352E7
3865                      2.650805858523903E7
3870                      2.3585566307150636E7
3875                      2.1289193947827544E7
3880                      1.9436345790841658E7
3885                      1.7909140502829187E7
3890                      1.6628074832668347E7
3895                      1.5537580729492312E7
3900                      1.4597648283829564E7
3905                      1.3778736765150027E7
3910                      1.305856048928486E7
3915                      1.2419990306562087E7
3920                      1.1849643647283573E7
3925                      1.1336913209498083E7
3930                      1.0873282929840518E7
3935                      1.045183676380731E7
3940                      1.0066899714591708E7
3945                      9713771.355727956
3950                      9388525.187855463
3955                      9087855.604781838
3960                      8808959.790417375
3965                      8549445.58546171
3970                      8307258.897020558
3975                      8080625.980037145
3980                      7868007.153199384
3985                      7668059.390972926
3990                      7479605.867311865
3995                      7301610.989123883
4000                      7133159.798656437
4005                      6973440.878144221
4010                      6821732.081054039
4015                      6677388.559277722
4020                      6539832.666489534
4025                      6408545.403388908
4030                      6283059.136877561
4035                      6162951.377199176
4040                      6047839.437900805
4045                      5937375.835837412
4050                      5831244.31423805
4055                      5729156.392550563
4060                      5630848.363344052
4065                      5536078.670132347
4070                      5444625.610861774
4075                      5356285.320812876
4080                      5270869.99601561
4085                      5188206.324346065
4090                      5108134.096487959
4095                      5030504.973129127
4100                      4955181.388243479
4105                      4882035.571209754
4110                      4810948.672994588
4115                      4741809.983663942
4120                      4674516.230254274
4125                      4608970.945504241
4130                      4545083.8992108535
4135                      4482770.585044933
4140                      4421951.756590722
4145                      4362553.007149063
4150                      4304504.388526569
4155                      4247740.064630244
4160                      4192197.996165939
4165                      4137819.6532089254
4170                      4084549.752760118
4175                      4032336.0187654854
4180                      3981128.962339795
4185                      3930881.6801969917
4190                      3881549.669511372
4195                      3833090.657623434
4200                      3785464.445173222
4205                      3738632.761397923
4210                      3692559.1304598795
4215                      3647208.747783107
4220                      3602548.3654830037
4225                      3558546.1860738248
4230                      3515171.7636956484
4235                      3472395.91220325
4240                      3430190.619496847
4245                      3388528.967552899
4250                      3347385.057648434
4255                      3306733.9403221523
4260                      3266551.5496626203
4265                      3226814.641537536
4270                      3187500.735420061
4275                      3148588.059491485
4280                      3110055.498728101
4285                      3071882.545700533
4290                      3034049.253836848
4295                      2996536.1929150973
4300                      2959324.406573007
4305                      2922395.3716287883
4310                      2885730.959028935
4315                      2849313.3962421473
4320                      2813125.230932268
4325                      2777149.295752105
4330                      2741368.6741038654
4335                      2705766.6667219116
4340                      2670326.7589352187
4345                      2635032.5884746443
4350                      2599867.913687531
4355                      2564816.58203275
4360                      2529862.4987198664
4365                      2494989.595365964
4370                      2460181.7985371505
4375                      2425422.998040655
4380                      2390697.014835048
4385                      2355987.5684145717
4390                      2321278.2435280313
4395                      2286552.456078667
4400                      2251793.4180496773
4405                      2216984.101289405
4410                      2182107.199981296
4415                      2147145.0916108186
4420                      2112079.796232438
4425                      2076892.9338192511
4430                      2041565.679466827
4435                      2006078.7162004465
4440                      1970412.1851135339
4445                      1934545.6325426693
4450                      1898457.9539545064
4455                      1862127.3341916343
4460                      1825531.1836865412
4465                      1788646.070216501
4470                      1751447.6457238542
4475                      1713910.567679456
4480                      1676008.4144069743
4485                      1637713.5937220242
4490                      1598997.2441683307
4495                      1559829.1280453312
4500                      1520177.515332773
4505                      1480009.05750438
4510                      1439288.6501024573
4515                      1397979.282803572
4520                      1356041.875543894
4525                      1313435.099087347
4530                      1270115.17820762
4535                      1226035.6754088404
4540                      1181147.2528265025
4545                      1135397.4096233633
4550                      1088730.1918130023
4555                      1041085.8710035566
4560                      992400.5880352877
4565                      942605.9568870075
4570                      891628.6235165981
4575                      839389.7734703445
4580                      785804.5811206049
4585                      730781.5922264942
4590                      674222.0301470195
4595                      616019.0143932652
4600                      556056.6782596101
4605                      494209.1699293677
4610                      430339.5186370133
4615                      364298.3440675994
4620                      295922.38304693904
4625                      225032.80255922244
4630                      151433.26197807209
4635                      74907.67985194929
4640                      4782.348742292902
4645                      87900.54983609913
4650                      174739.46319285352
4655                      265624.5280375882
4660                      360918.8828881488
4665                      461029.02952539234
4670                      566411.54829139
4675                      677581.0997181627
4680                      795120.0094947161
4685                      919689.8148369852
4690                      1052045.2571218081
4695                      1193051.34765228
4700                      1343704.3239616435
4705                      1505157.572371852
4710                      1678753.9464101975
4715                      1866066.401174648
4720                      2068949.5519979731
4725                      2289605.7447260744
4730                      2530670.6372941835
4735                      2795325.362990258
4740                      3087445.4336594646
4745                      3411801.2339328853
4750                      3774332.23873237
4755                      4182528.6456485963
4760                      4645972.939566787
4765                      5177125.455385389
4770                      5792492.605011238
4775                      6514414.455995924
4780                      7373891.876561894
4785                      8415234.267539768
4790                      9704060.131142998
4795                      1.1341857945505789E7
4800                      1.3494376667504782E7
4805                      1.6452052147907453E7
4810                      2.0774412546143077E7
4815                      2.7695673588837016E7
4820                      4.058053110473027E7
4825                      7.301099788481136E7
4830                      3.0981490434419924E8
4835                      1.470261854737435E8
4840                      6.088347400735435E7
4845                      3.8952054057348795E7
4850                      2.8924859700909987E7
4855                      2.317548090345015E7
4860                      1.944562101039334E7
4865                      1.6828700178661253E7
4870                      1.4890146207609978E7
4875                      1.3395586797101488E7
4880                      1.2207469861346416E7
4885                      1.1239747376955904E7
4890                      1.0435832600014495E7
4895                      9756985.361786181
4900                      9175790.509650843
4905                      8672301.336367134
4910                      8231658.479167203
4915                      7842565.188781936
4920                      7496279.960544948
4925                      7185932.683830255
4930                      6906049.253288631
4935                      6652214.088774027
4940                      6420826.041875274
4945                      6208918.8695288515
4950                      6014027.19036461
4955                      5834085.024944364
4960                      5667348.038923702
4965                      5512333.27089377
4970                      5367771.923608113
4975                      5232572.030508324
4980                      5105788.668677817
4985                      4986599.996563947
4990                      4874287.829552408
4995                      4768221.781463112
5000                      4667846.230899615
